2.541006317999999737e+03 2.430383499999999941e+01
1.502788032000004023e+03 2.419215000000000160e+01
1.502816680000003544e+03 2.435426899999999861e+01
2.541027696000004653e+03 2.436971300000000085e+01
1.861814289000001736e+03 2.387443100000000129e+01
2.309684707000000344e+03 2.400178299999999965e+01
2.309698357000001124e+03 2.402217100000000016e+01
3.005739582000001974e+03 2.450933300000000159e+01
2.541992249000002630e+03 2.460435599999999923e+01
2.542006391000002623e+03 2.465770200000000045e+01
3.005755969999998342e+03 2.455083099999999874e+01
1.861827644000004511e+03 2.395674899999999852e+01
1.097943089000000327e+03 2.441658400000000029e+01
1.097957081000000471e+03 2.446538800000000080e+01
2.355735113000002457e+03 2.413881599999999850e+01
4.218623470000020461e+02 2.448474099999999964e+01
4.218804270000036922e+02 2.444754299999999958e+01
2.604797297999997681e+03 2.388753300000000124e+01
2.604780393000000913e+03 2.379879199999999884e+01
2.902960816999999224e+03 2.432069500000000062e+01
2.902980752000003122e+03 2.444083399999999884e+01
1.157769240000001446e+03 2.428615900000000138e+01
3.337802562999997463e+03 2.406666799999999995e+01
8.272127899999759393e+01 2.399191400000000129e+01
3.337768336000001000e+03 2.387157399999999896e+01
3.337816783000002033e+03 2.412689200000000156e+01
3.337782340999998269e+03 2.396083700000000150e+01
8.270870899999863468e+01 2.415717100000000173e+01
1.157749319000002288e+03 2.416240399999999866e+01
7.359825090000013006e+02 2.443148899999999912e+01
3.339781700999999885e+03 2.400986599999999882e+01
3.339802372999998624e+03 2.411141900000000149e+01
2.619836413999997603e+03 2.368363000000000085e+01
2.619871534999998403e+03 2.366040999999999883e+01
7.359671119999984512e+02 2.440441600000000122e+01
2.619821577000002435e+03 2.368783900000000031e+01
3.230277350000033039e+02 2.447688499999999934e+01
3.230481940000026952e+02 2.458976099999999931e+01
2.265846836000004259e+03 2.426596800000000087e+01
2.265817760999998427e+03 2.431284499999999937e+01
2.620754994000002625e+03 2.414005500000000026e+01
2.620741847999997844e+03 2.406411400000000000e+01
2.917974791000000550e+03 2.404332300000000089e+01
2.917998783000002732e+03 2.410091200000000100e+01
2.917987564000002749e+03 2.407651999999999859e+01
2.633719983000002685e+03 2.387311400000000106e+01
2.633703213000000687e+03 2.376667300000000083e+01
2.918017369000001054e+03 2.413178399999999968e+01
6.076998900000035064e+01 2.412753199999999865e+01
6.078577200000290759e+01 2.422125000000000128e+01
1.855857002000004286e+03 2.402617199999999897e+01
1.882899775999998383e+03 2.414171100000000081e+01
1.207146209999991697e+02 2.389663799999999938e+01
1.882800196000003780e+03 2.422010399999999919e+01
1.857825538999997661e+03 2.402596099999999879e+01
1.206678546000002825e+03 2.439796099999999868e+01
2.537999081000001752e+03 2.457735800000000026e+01
1.882778324999999313e+03 2.421601000000000070e+01
2.538020219999998517e+03 2.466340200000000138e+01
1.857844535000003816e+03 2.413685200000000108e+01
1.206980590000021039e+02 2.378885800000000117e+01
1.855877067000001261e+03 2.405518500000000159e+01
1.206664886999998998e+03 2.435852099999999965e+01
1.882878621000003477e+03 2.416357800000000111e+01
1.429019221000002290e+03 2.385753700000000066e+01
1.429032020999999077e+03 2.392050100000000157e+01
1.429010074999998324e+03 2.380645499999999970e+01
1.428996978000002855e+03 2.349941600000000008e+01
3.384704352000000654e+03 2.416469899999999882e+01
7.678139109999974607e+02 2.426940899999999957e+01
1.213714044000000285e+03 2.407059900000000141e+01
2.517041446000002907e+03 2.414294500000000099e+01
2.516024364000004425e+03 2.426715099999999836e+01
2.516043021999998018e+03 2.437729699999999866e+01
2.517025463999998465e+03 2.405124700000000004e+01
1.213669458000003942e+03 2.401288100000000014e+01
1.213688159999997879e+03 2.405000300000000024e+01
7.678286680000019260e+02 2.435522299999999873e+01
7.678483810000034282e+02 2.444944399999999973e+01
7.678363180000014836e+02 2.439445500000000067e+01
1.213741370000003371e+03 2.407191600000000165e+01
3.350204220000014175e+02 2.396369400000000027e+01
3.350405020000034710e+02 2.422139599999999859e+01
3.230281820000018342e+02 2.446990999999999872e+01
3.230486440000022412e+02 2.458448999999999884e+01
1.882776533000003838e+03 2.422795199999999838e+01
1.882814214999998512e+03 2.415566600000000008e+01
1.882802015000001120e+03 2.420591100000000040e+01
3.499507660000017495e+02 2.392183199999999843e+01
1.882872900000002119e+03 2.417208300000000065e+01
3.499689720000023954e+02 2.408364399999999961e+01
1.882796611999998277e+03 2.423271099999999834e+01
1.882897516000004543e+03 2.415245000000000175e+01
3.315845886000002793e+03 2.402862400000000065e+01
6.074620700000377838e+01 2.386444600000000094e+01
6.076398599999811267e+01 2.403037300000000087e+01
3.315863498999999138e+03 2.411599999999999966e+01
1.857844085000004270e+03 2.412766699999999886e+01
2.537974096999998437e+03 2.445303600000000088e+01
2.537960458000001381e+03 2.436680300000000088e+01
1.857825985000003129e+03 2.402007800000000159e+01
1.206663989000000583e+03 2.435341199999999873e+01
1.206677648000004410e+03 2.439478799999999836e+01
1.459034829000003811e+03 2.444452899999999929e+01
1.459059530999998969e+03 2.452600299999999933e+01
8.246762230000022100e+02 2.419777399999999901e+01
8.246607680000015534e+02 2.411060900000000018e+01
3.908777939999999944e+02 2.397859199999999902e+01
3.908905000000013388e+02 2.406501199999999940e+01
1.509797955000001821e+03 2.389839800000000025e+01
1.894736688999997568e+03 2.410474200000000167e+01
1.894720442999998340e+03 2.399408899999999889e+01
1.894763876000004529e+03 2.426689299999999960e+01
2.594819422000000486e+03 2.423016499999999951e+01
3.246065187000000151e+03 2.424049099999999868e+01
2.595821937000000617e+03 2.435363500000000059e+01
1.509814074000001710e+03 2.397627100000000056e+01
1.894752454000001308e+03 2.419780199999999937e+01
2.594837260000000242e+03 2.432370600000000138e+01
2.595805351000002702e+03 2.425394899999999865e+01
1.062995988000002399e+03 2.402001200000000125e+01
3.249039350999999442e+03 2.445085900000000123e+01
3.233062041999997746e+03 2.397768599999999850e+01
3.249016885999997612e+03 2.432008099999999828e+01
1.063012270999999600e+03 2.412494600000000133e+01
8.467792320000007749e+02 2.425579000000000107e+01
8.467545620000018971e+02 2.439350999999999914e+01
2.164992900999997801e+03 2.396105100000000121e+01
3.032705448000000615e+03 2.465431900000000098e+01
3.032716697000003478e+03 2.466978500000000096e+01
2.164980625000003783e+03 2.388177400000000006e+01
3.828757049999985611e+02 2.425663700000000134e+01
3.828612250000005588e+02 2.418365700000000018e+01
4.407227259999999660e+02 2.422599100000000050e+01
1.528848083999997471e+03 2.400501300000000171e+01
4.377558080000017071e+02 2.426273600000000030e+01
1.528832397999998648e+03 2.404982899999999901e+01
4.377704530000046361e+02 2.444903400000000104e+01
4.407415739999996731e+02 2.411702000000000012e+01
1.538710976000002120e+03 2.415441799999999972e+01
3.272963588999999047e+03 2.384934900000000013e+01
1.538693753999999899e+03 2.405134599999999878e+01
2.625738381000002846e+03 2.425703599999999938e+01
1.539707041000001482e+03 2.400400799999999890e+01
2.625722424999999930e+03 2.415973999999999933e+01
1.539690461999998661e+03 2.389093400000000145e+01
3.272976406000001589e+03 2.390618600000000171e+01
1.983727633000002243e+03 2.364986299999999986e+01
1.983744174999999814e+03 2.357092899999999958e+01
6.870593270000026678e+02 2.452101599999999948e+01
6.870430760000017472e+02 2.443538099999999957e+01
6.850560600000026170e+02 2.436070799999999892e+01
2.648678880999999819e+03 2.380893199999999865e+01
2.648665358999998716e+03 2.373057700000000025e+01
1.153817575000000943e+03 2.444561300000000159e+01
1.153832722999999532e+03 2.448910100000000156e+01
1.805001809000001231e+03 2.433129100000000022e+01
1.804985398000004352e+03 2.424054699999999940e+01
7.738162890000021434e+02 2.407558900000000079e+01
3.311953939999999420e+03 2.461591599999999858e+01
7.170561280000038096e+02 2.428654200000000074e+01
2.957842441000000690e+03 2.433016800000000046e+01
2.268745406000001822e+03 2.435195300000000174e+01
2.957816156000000774e+03 2.418676100000000062e+01
2.268757459000000381e+03 2.439957700000000074e+01
7.170360670000009122e+02 2.425603600000000171e+01
7.737942990000010468e+02 2.392127199999999831e+01
5.604286600000341423e+01 2.398503200000000035e+01
1.147776902999998129e+03 2.413714999999999833e+01
3.311934710000001360e+03 2.458777200000000107e+01
1.147787320000003092e+03 2.419658899999999946e+01
2.180982120000000577e+03 2.359603900000000110e+01
2.181074662999999418e+03 2.375574399999999997e+01
2.180953023000001849e+03 2.348216800000000148e+01
1.095931464000001142e+03 2.429392899999999855e+01
2.180967521999999008e+03 2.354311099999999968e+01
2.180996267000002263e+03 2.364006200000000035e+01
1.095956110999999510e+03 2.440669099999999858e+01
1.530797139000002062e+03 2.431462399999999846e+01
3.421695234999999229e+03 2.463894300000000115e+01
3.421676122000004398e+03 2.464181699999999964e+01
1.066995392000004358e+03 2.416224899999999920e+01
1.530815425000000687e+03 2.435228100000000140e+01
1.067008850999998685e+03 2.424065399999999926e+01
2.958838631999999052e+03 2.380559200000000075e+01
2.958819105000002310e+03 2.368741299999999939e+01
8.038149770000018179e+02 2.445962899999999962e+01
3.392662561999997706e+03 2.412629300000000043e+01
1.502818024000000150e+03 2.431386499999999984e+01
3.550244680000032531e+02 2.457842000000000127e+01
1.502830660999999964e+03 2.437546499999999838e+01
3.550140959999989718e+02 2.450088500000000025e+01
3.392677402000001166e+03 2.419020400000000137e+01
2.540974111000003177e+03 2.410637600000000091e+01
2.540988794000004418e+03 2.418420400000000114e+01
8.038349809999999707e+02 2.451321000000000083e+01
1.097926767000004475e+03 2.430045700000000153e+01
1.097907181000002311e+03 2.418560499999999891e+01
1.922681665000003704e+03 2.398983000000000132e+01
1.922663313999997627e+03 2.388400700000000043e+01
3.075770903000004182e+03 2.444972500000000082e+01
2.651661035999997694e+03 2.397218399999999860e+01
2.651671795000002021e+03 2.403277399999999986e+01
2.218846980000002077e+03 2.401519499999999852e+01
2.218863537999997789e+03 2.410449200000000047e+01
2.870056032000000414e+03 2.405633100000000013e+01
1.785059152000001632e+03 2.443106699999999876e+01
1.784033847999999125e+03 2.446363500000000002e+01
1.784047340999997687e+03 2.454076999999999842e+01
7.877895700000226498e+01 2.427827900000000128e+01
7.876779199999873526e+01 2.431961199999999934e+01
1.155836105000002135e+03 2.441595200000000077e+01
2.891047121000003244e+03 2.388262500000000088e+01
2.891052649999997811e+03 2.390223299999999895e+01
7.875408400000014808e+01 2.419642800000000094e+01
2.891026030000000901e+03 2.379462799999999945e+01
1.155970858000000590e+03 2.434018500000000174e+01
2.920948334000000614e+03 2.442018799999999956e+01
2.920936524000004283e+03 2.435784900000000164e+01
2.923912104000002728e+03 2.391192300000000159e+01
3.357871813999998267e+03 2.413538199999999989e+01
2.923932549000004656e+03 2.403604899999999844e+01
1.825979205000003276e+03 2.392977099999999879e+01
1.825992876000003889e+03 2.396423199999999909e+01
2.903075473999997484e+03 2.470720899999999887e+01
1.157776074000001245e+03 2.427269400000000132e+01
1.157754700999998022e+03 2.413659300000000130e+01
3.418679745000001276e+03 2.446834199999999981e+01
3.418707936999999220e+03 2.445980799999999888e+01
3.828913190000021132e+02 2.427073000000000036e+01
3.829081809999988764e+02 2.432444699999999926e+01
3.004799952000001213e+03 2.442769799999999947e+01
3.005696135999998660e+03 2.429370499999999922e+01
3.004822851999997511e+03 2.435914899999999861e+01
3.005740031000001181e+03 2.448325499999999977e+01
3.392676504000002751e+03 2.419064099999999939e+01
3.005756418999997550e+03 2.452892900000000154e+01
3.005684841000002052e+03 2.422691899999999876e+01
2.958839081999998598e+03 2.381522199999999856e+01
3.392664355000000796e+03 2.414019599999999954e+01
2.958819551000000502e+03 2.370011900000000082e+01
3.367836640000001353e+03 2.468638500000000136e+01
1.429018773000003421e+03 2.380875800000000098e+01
1.429032938000003924e+03 2.388459800000000044e+01
3.367809977000004437e+03 2.467533900000000102e+01
