1.845994715000000724e+03 2.187424499999999838e+01
1.845971419000001333e+03 2.181216399999999922e+01
2.279757275000003574e+03 2.166297700000000148e+01
1.207713320000002568e+03 2.144813600000000164e+01
2.525141908999998122e+03 2.163360600000000034e+01
2.555060143000002427e+03 2.189845199999999892e+01
2.167047168000004604e+03 2.172022899999999979e+01
2.155147758999999496e+03 2.151358600000000010e+01
4.587402470000015455e+02 2.144831800000000044e+01
8.367877040000021225e+02 2.179643400000000142e+01
3.255143904000004113e+03 2.139936799999999906e+01
6.984871800000109943e+01 2.181602099999999922e+01
2.249833311000002141e+03 2.154761699999999891e+01
2.249836938000000373e+03 2.156454599999999999e+01
2.901149666999997862e+03 2.140484400000000065e+01
2.901154631999997946e+03 2.140749999999999886e+01
2.250841457000002265e+03 2.124062999999999946e+01
7.539352829999988899e+02 2.176022299999999987e+01
7.539540730000007898e+02 2.183316699999999955e+01
2.251829464000002190e+03 2.137453700000000012e+01
1.774137324000002991e+03 2.138988099999999903e+01
1.189736856000003172e+03 2.141450299999999984e+01
1.214725094000001263e+03 2.169019000000000119e+01
1.214717927999998210e+03 2.167468999999999824e+01
1.308786909999980708e+02 2.161876499999999979e+01
1.897808924999997544e+03 2.179254200000000097e+01
2.316744057000003522e+03 2.192587199999999825e+01
2.316749461999999767e+03 2.192969099999999827e+01
1.317369660000040312e+02 2.170581999999999923e+01
2.316751260000004550e+03 2.193076200000000142e+01
2.316762037000000419e+03 2.193503000000000114e+01
2.316765618999997969e+03 2.193564699999999945e+01
2.316772346999998263e+03 2.193572800000000100e+01
3.372789538000004541e+03 2.189239200000000096e+01
3.351487720000004629e+02 2.167665999999999826e+01
1.308522200000006706e+02 2.171977400000000102e+01
1.224749391999997897e+03 2.157408399999999915e+01
1.224754806999997527e+03 2.157594200000000129e+01
1.224773119999998016e+03 2.157566200000000123e+01
7.768674910000045202e+02 2.129405099999999962e+01
3.382732452000003832e+03 2.143944499999999920e+01
3.382736022999997658e+03 2.145632700000000170e+01
7.788997700000036275e+02 2.142824999999999847e+01
2.515141455999997561e+03 2.169162000000000035e+01
3.382757541999999376e+03 2.154254900000000106e+01
3.382740518999999040e+03 2.147645299999999935e+01
7.539357309999977588e+02 2.176341899999999896e+01
1.214724195000002510e+03 2.169441000000000130e+01
1.189737303000001702e+03 2.141732500000000172e+01
1.308777939999999944e+02 2.166512900000000030e+01
1.308822819999986677e+02 2.162115700000000018e+01
1.308526689999998780e+02 2.175044600000000017e+01
1.201714181000003009e+03 2.138995399999999947e+01
1.420138874000003852e+03 2.107502399999999909e+01
3.361566339999990305e+02 2.121547299999999936e+01
3.351519340000013472e+02 2.168919299999999950e+01
2.316735032000004139e+03 2.192633500000000168e+01
2.316742248000002292e+03 2.193411400000000100e+01
2.316748555999998644e+03 2.193956299999999970e+01
2.316772795000004407e+03 2.194909499999999980e+01
2.316780944999998610e+03 2.194829400000000064e+01
2.316783201999998710e+03 2.194771700000000081e+01
1.317320249999975204e+02 2.164444400000000002e+01
3.388717010000000300e+03 2.142105499999999907e+01
3.659951450000007753e+02 2.157603999999999900e+01
3.659842980000030366e+02 2.150549499999999981e+01
3.659996140000002924e+02 2.161532800000000165e+01
1.457004241000002366e+03 2.178250600000000148e+01
1.457028009000001475e+03 2.188186400000000020e+01
2.991948755999997957e+03 2.180475300000000161e+01
2.992957249999999476e+03 2.156640499999999960e+01
2.991807466999998724e+03 2.157751800000000131e+01
2.604863487000002351e+03 2.128406700000000029e+01
2.604867953000000853e+03 2.130468099999999865e+01
8.067941639999990002e+02 2.152260300000000015e+01
2.543156707000001916e+03 2.183884499999999917e+01
8.697703180000025895e+02 2.175296000000000163e+01
2.605872789000000921e+03 2.178740499999999969e+01
8.698206490000011399e+02 2.165516799999999975e+01
8.067887820000032661e+02 2.149865600000000043e+01
3.026708803000001353e+03 2.122322600000000037e+01
3.026765392000001157e+03 2.155760799999999833e+01
3.026818467999997665e+03 2.162003100000000089e+01
3.026835968999999750e+03 2.162126800000000060e+01
3.026836865999997826e+03 2.162108100000000022e+01
1.074055129000000306e+03 2.170471799999999973e+01
3.026745218000003661e+03 2.150799400000000006e+01
3.026763600999998744e+03 2.155383499999999941e+01
2.174089185000004363e+03 2.145953599999999994e+01
2.174088288999999349e+03 2.145729800000000154e+01
8.418154140000042389e+02 2.188151799999999980e+01
8.418037180000028457e+02 2.188068099999999916e+01
8.418019060000005993e+02 2.188017899999999827e+01
8.418555419999975129e+02 2.185253000000000156e+01
4.238473660000017844e+02 2.162512999999999863e+01
4.238406529999992927e+02 2.160565799999999825e+01
2.161149980000001960e+03 2.180639499999999842e+01
1.076104159000002255e+03 2.196327799999999897e+01
2.161151781000000483e+03 2.180914500000000089e+01
1.525032130999999936e+03 2.147826200000000085e+01
1.895805348000001686e+03 2.158735799999999827e+01
3.261107820999997784e+03 2.149479699999999838e+01
1.524991169000000809e+03 2.157292400000000043e+01
1.524995655999999144e+03 2.156558800000000176e+01
1.525011376000002201e+03 2.153426800000000085e+01
1.525020372999999381e+03 2.151215900000000047e+01
1.525028532000003906e+03 2.148926600000000064e+01
1.896797843000000285e+03 2.167544499999999985e+01
1.896802047999997740e+03 2.169602199999999925e+01
2.229137332999998762e+03 2.136059500000000000e+01
1.170010106000001542e+03 2.168550700000000120e+01
1.169975094000001263e+03 2.178793699999999944e+01
1.169969709999997576e+03 2.179918100000000081e+01
1.170005632000000332e+03 2.170172099999999915e+01
1.169960268000002543e+03 2.181632700000000114e+01
2.643891043000003265e+03 2.176025599999999827e+01
1.843043526000001293e+03 2.199825600000000136e+01
2.643783154000004288e+03 2.161623200000000011e+01
2.643803818000000319e+03 2.167578699999999969e+01
1.843044899000000441e+03 2.199906100000000109e+01
2.643876605999997992e+03 2.176278500000000093e+01
2.643882922000004328e+03 2.176245600000000024e+01
2.643884713999999803e+03 2.176214200000000076e+01
7.271379959999976563e+02 2.164377999999999957e+01
1.160831526000001759e+03 2.153204399999999907e+01
1.160923362000001362e+03 2.170853200000000172e+01
7.270620459999990999e+02 2.159111300000000000e+01
3.088752400999997917e+03 2.157560099999999892e+01
1.579712006000001566e+03 2.138792899999999975e+01
1.579720971000002464e+03 2.141003699999999910e+01
3.054750269000003755e+03 2.188087700000000169e+01
3.054764671000004455e+03 2.187897399999999948e+01
3.316917972000002919e+03 2.151456500000000105e+01
3.316921550999999454e+03 2.153031400000000062e+01
3.316948907999998482e+03 2.162845499999999888e+01
1.844961412000004202e+03 2.169461199999999934e+01
1.844962309000002278e+03 2.169788499999999942e+01
3.308172407999998541e+03 2.163587599999999966e+01
4.857252950000038254e+02 2.167851599999999834e+01
1.789105862000003981e+03 2.161591999999999913e+01
4.857261930000022403e+02 2.168828999999999851e+01
4.857759960000039428e+02 2.176080699999999979e+01
4.857384010000023409e+02 2.174042999999999992e+01
4.857145260000033886e+02 2.159043000000000134e+01
4.857402000000001863e+02 2.179388300000000100e+01
4.308212199999979930e+01 2.148288700000000162e+01
4.307852300000376999e+01 2.152236800000000017e+01
1.581786126999999397e+03 2.186234200000000172e+01
1.581847582000002149e+03 2.180331599999999881e+01
3.273152308000004268e+03 2.177094100000000054e+01
8.977572819999986677e+02 2.126987700000000103e+01
1.790151578000004520e+03 2.181188699999999869e+01
1.062156592999999702e+03 2.159716500000000039e+01
3.949483059999984107e+02 2.143652600000000064e+01
3.949331870000023628e+02 2.129522100000000151e+01
3.464759907999999996e+03 2.126036300000000168e+01
1.961793286000000080e+03 2.130229999999999890e+01
1.961804103000002215e+03 2.128416199999999847e+01
1.898816364999998768e+03 2.148456799999999944e+01
2.583973876000003656e+03 2.140693900000000127e+01
2.583974775000002410e+03 2.140890999999999877e+01
3.979206269999995129e+02 2.137882000000000104e+01
1.514878886999998940e+03 2.155018000000000100e+01
3.018791000999997777e+03 2.140798300000000154e+01
3.436733034999997471e+03 2.161261100000000113e+01
3.436756400999998732e+03 2.173414199999999852e+01
3.436751913000000059e+03 2.174071400000000054e+01
3.018778463000002375e+03 2.138083100000000059e+01
3.419719614000001457e+03 2.156534600000000168e+01
2.555014447000001383e+03 2.172772300000000101e+01
2.555060593000001973e+03 2.187885100000000094e+01
2.552169088000002375e+03 2.164705100000000115e+01
2.636814661000003980e+03 2.163988099999999903e+01
2.636825411999998323e+03 2.166750700000000052e+01
4.412146999999822583e+01 2.155674000000000134e+01
1.792140099000003829e+03 2.162849699999999942e+01
1.792140995000001567e+03 2.163052300000000017e+01
2.225906201999998302e+03 2.153218499999999835e+01
4.797277130000002217e+02 2.153989100000000079e+01
2.671805258000000322e+03 2.162751499999999893e+01
2.671725747000004048e+03 2.137272300000000058e+01
2.671803456000001461e+03 2.162741499999999917e+01
2.671738280999998096e+03 2.155305299999999846e+01
2.671781899000001431e+03 2.161832300000000018e+01
2.671794469000000390e+03 2.162539900000000159e+01
6.684168099999806145e+01 2.130897600000000125e+01
6.683086100000218721e+01 2.114617099999999894e+01
1.814075743000001239e+03 2.147559899999999899e+01
1.815070275999998557e+03 2.165297999999999945e+01
6.887252299999818206e+01 2.181738100000000102e+01
2.901151022999998531e+03 2.139764800000000022e+01
2.901155541000000085e+03 2.140118100000000112e+01
2.249850462000002153e+03 2.158290999999999826e+01
6.984827100000256905e+01 2.178950100000000134e+01
2.249845936999998230e+03 2.156287599999999927e+01
7.088251200000377139e+01 2.182753900000000158e+01
1.607728223999998590e+03 2.137796399999999863e+01
1.607734068999998271e+03 2.137584599999999924e+01
1.607734965000003285e+03 2.137542600000000093e+01
1.607743066000002727e+03 2.137048400000000115e+01
1.607743963000000804e+03 2.136980799999999903e+01
2.910066566000001330e+03 2.123002200000000173e+01
1.607800609999998414e+03 2.141958899999999844e+01
2.910068356000003405e+03 2.123547500000000099e+01
2.508135472000001755e+03 2.142066399999999859e+01
2.509138728999998420e+03 2.142526600000000059e+01
2.290899468000003253e+03 2.176811599999999913e+01
2.290919405000000552e+03 2.172176999999999936e+01
2.290924798000000010e+03 2.170644000000000062e+01
3.361557170000014594e+02 2.120562699999999978e+01
3.388716563000001770e+03 2.141821099999999944e+01
2.279764426000001549e+03 2.165182899999999933e+01
1.845957063000001654e+03 2.172198399999999907e+01
1.846002775000000838e+03 2.186478299999999919e+01
2.279761744000003091e+03 2.163939699999999888e+01
3.660202750000025844e+02 2.159067599999999842e+01
3.660395869999993010e+02 2.135399999999999920e+01
3.670357040000017150e+02 2.169796499999999995e+01
3.660000619999991613e+02 2.161583500000000058e+01
1.207717353000000003e+03 2.142629799999999918e+01
1.207718249999998079e+03 2.142947500000000005e+01
2.552165880000000470e+03 2.163179099999999977e+01
1.898803280000000086e+03 2.143144399999999905e+01
2.525142358999997668e+03 2.160824300000000164e+01
3.355998174000000290e+03 2.159653700000000143e+01
3.356005056000001787e+03 2.158079199999999886e+01
1.209713651999998547e+03 2.149082999999999899e+01
1.247427920000045560e+02 2.172555600000000098e+01
