1.858808886999999231e+03 2.285534799999999933e+01
1.858817587000005005e+03 2.286834400000000045e+01
2.509959326000003784e+03 2.298579499999999953e+01
2.509976520000003802e+03 2.304634499999999875e+01
7.737952300000033574e+02 2.356409199999999871e+01
7.738133300000044983e+02 2.358638699999999844e+01
1.858740689999998722e+03 2.271369699999999980e+01
1.858840100000001257e+03 2.289523200000000003e+01
1.858755036000002292e+03 2.274768500000000060e+01
1.858844596000002639e+03 2.289939999999999998e+01
2.931803209000005154e+03 2.342296500000000137e+01
2.931819133000004513e+03 2.347730900000000176e+01
1.858866982999999891e+03 2.291400300000000101e+01
1.858797881999998935e+03 2.283693600000000146e+01
2.893959057000000030e+03 2.336939399999999978e+01
2.893976049000004423e+03 2.340228700000000117e+01
2.900942967000002682e+03 2.366066000000000003e+01
2.900928855999998632e+03 2.362784999999999869e+01
2.270802216000003682e+03 2.308720399999999984e+01
2.921827264999999898e+03 2.292545499999999947e+01
2.921839804000002914e+03 2.296823900000000052e+01
2.270784625000000233e+03 2.310688599999999937e+01
2.921857905000004394e+03 2.302349900000000105e+01
2.921873824000002060e+03 2.306575899999999990e+01
1.800916205000001355e+03 2.271233600000000052e+01
1.800939547000001767e+03 2.277552499999999824e+01
1.800958224000001792e+03 2.281672500000000170e+01
1.149834822000004351e+03 2.307931900000000169e+01
2.668579722000002221e+03 2.350041999999999831e+01
1.149853046000003815e+03 2.306963000000000008e+01
2.668596490000003541e+03 2.353289799999999943e+01
2.901920839999998861e+03 2.382790999999999926e+01
2.901940006000004360e+03 2.387386700000000062e+01
1.149758698999998160e+03 2.306151399999999896e+01
1.800900022000001627e+03 2.266108799999999945e+01
1.149776313000002119e+03 2.307233799999999846e+01
3.277746199999819510e+01 2.356694399999999945e+01
3.275531800000317162e+01 2.356682899999999847e+01
2.329756948000002012e+03 2.311543299999999945e+01
3.021574765000004845e+03 2.347939900000000080e+01
3.021588325000004261e+03 2.352103599999999872e+01
2.537976681000000099e+03 2.307135500000000050e+01
4.017896360000013374e+02 2.334362600000000043e+01
4.018081810000003316e+02 2.350602599999999853e+01
1.506836279999988619e+02 2.381083800000000039e+01
1.506698949999990873e+02 2.381939900000000065e+01
2.537960363999998663e+03 2.304572200000000137e+01
2.537984313000000839e+03 2.308124799999999865e+01
2.155974357999999484e+03 2.336747300000000038e+01
3.392595071000003372e+03 2.307901199999999875e+01
3.392612688000001071e+03 2.311375500000000116e+01
2.556865334000001894e+03 2.363815800000000067e+01
2.556877852999998140e+03 2.366935099999999892e+01
1.536696427000002586e+03 2.309153200000000083e+01
1.536708911000001535e+03 2.311077099999999973e+01
2.329756503000004159e+03 2.314250799999999941e+01
3.275576600000204053e+01 2.358060700000000054e+01
3.277656500000011874e+01 2.358263300000000129e+01
2.347648774000001140e+03 2.354699199999999948e+01
2.347632830000002286e+03 2.357416399999999967e+01
7.767037970000019413e+02 2.317352899999999849e+01
7.767240710000041872e+02 2.324135599999999968e+01
3.309834210000044550e+02 2.177836500000000086e+01
3.309672060000011697e+02 2.373979699999999937e+01
2.895973694000000251e+03 2.334444600000000136e+01
3.319255820000034873e+02 2.365810000000000102e+01
3.319391000000032363e+02 2.373030999999999935e+01
1.025950840000004973e+02 2.337702000000000169e+01
1.026130669999984093e+02 2.350283400000000000e+01
1.026205420000042068e+02 2.350609000000000037e+01
1.026324630000017351e+02 2.367248000000000019e+01
1.417945723000004364e+03 2.262338000000000093e+01
1.417964264000002004e+03 2.268996999999999886e+01
1.177708386999998766e+03 2.319091999999999842e+01
1.818882819999998901e+03 2.352426099999999920e+01
1.177737243000003218e+03 2.318858799999999931e+01
1.829932920999999624e+03 2.292844399999999894e+01
1.829968382999999449e+03 2.294510299999999958e+01
1.829871494999999413e+03 2.283309600000000117e+01
1.829914488000002166e+03 2.290874900000000025e+01
2.610712440000002971e+03 2.339847500000000124e+01
2.610733015999998315e+03 2.345598499999999831e+01
1.829952022999998007e+03 2.294087800000000144e+01
1.177657334000003175e+03 2.319633200000000173e+01
1.818865019000004395e+03 2.322069099999999864e+01
2.596929545999999391e+03 2.334551400000000143e+01
2.596953107000001182e+03 2.331411500000000103e+01
1.177722510999999940e+03 2.319069299999999956e+01
2.903886335000002873e+03 2.370964199999999877e+01
2.903896554999999353e+03 2.374331600000000009e+01
1.177638296000004630e+03 2.320328800000000058e+01
1.829857624000003852e+03 2.279972599999999971e+01
1.475837976000002527e+03 2.287134000000000000e+01
1.475850093000000925e+03 2.289596500000000034e+01
3.008615255000004254e+03 2.368919999999999959e+01
1.475860103999999410e+03 2.291400300000000101e+01
1.475873211999998603e+03 2.293441800000000086e+01
1.475966058999998495e+03 2.297270599999999874e+01
2.343687973000000056e+03 2.330308000000000135e+01
1.475984616000001552e+03 2.295750100000000060e+01
2.343705695000004198e+03 2.325731199999999887e+01
3.008630453999998281e+03 2.344714199999999948e+01
1.476806302000004507e+03 2.273874299999999948e+01
1.476785865999998350e+03 2.269286599999999865e+01
1.476897931999999855e+03 2.288009800000000027e+01
1.476903301999998803e+03 2.288361799999999846e+01
1.476922432999999728e+03 2.289131400000000127e+01
1.476878229000001738e+03 2.286219900000000038e+01
1.476831734999999753e+03 2.279130200000000173e+01
1.476817494000002625e+03 2.276275899999999908e+01
2.720624754000004032e+03 2.334388999999999825e+01
3.288891212000002270e+03 2.323797000000000068e+01
3.288902851999999257e+03 2.326151700000000133e+01
2.720603706000001694e+03 2.338526500000000041e+01
6.979588770000045770e+02 2.373171200000000169e+01
6.979814689999984694e+02 2.378884199999999893e+01
1.078900079999999434e+03 2.352119400000000127e+01
1.092904949000003398e+03 2.312189000000000050e+01
7.877760000003036112e+00 2.364591700000000074e+01
3.248983589000003121e+03 2.184237999999999857e+01
2.163983554999998887e+03 2.340611600000000081e+01
1.078917301000001316e+03 2.357288600000000045e+01
1.092892360999998346e+03 2.309299299999999988e+01
3.248966898999999103e+03 2.325811099999999954e+01
3.085695834999998624e+03 2.298036600000000007e+01
7.860333000004175119e+00 2.361993400000000065e+01
6.989157489999997779e+02 2.307762999999999920e+01
6.989453839999987395e+02 2.337322299999999942e+01
2.625667031000004499e+03 2.342999800000000121e+01
2.625687770000004093e+03 2.342822200000000166e+01
4.397014259999996284e+02 2.293253299999999939e+01
7.817266589999999269e+02 2.353062500000000057e+01
4.397179880000039702e+02 2.291644900000000007e+01
7.817054970000026515e+02 2.341601299999999952e+01
4.398224940000000061e+02 2.276477500000000020e+01
4.397438430000038352e+02 2.264568900000000085e+01
4.398406850000028498e+02 2.264228400000000008e+01
7.817235310000032769e+02 2.351056399999999869e+01
7.817491349999982049e+02 2.353477200000000025e+01
4.397607330000028014e+02 2.262657300000000049e+01
2.377621587000001455e+03 2.312565000000000026e+01
1.803928191999999399e+03 2.342721200000000081e+01
1.803950627999998687e+03 2.348197000000000045e+01
5.006696430000010878e+02 2.372557799999999872e+01
3.349670690999999351e+03 2.348924900000000093e+01
1.803910843999998178e+03 2.337787499999999952e+01
3.349685167000003275e+03 2.347152399999999872e+01
5.006465079999979935e+02 2.367300200000000032e+01
1.803968973000002734e+03 2.351888100000000037e+01
3.339703531999999541e+03 2.349172199999999933e+01
2.228795519999999669e+03 2.366029400000000038e+01
2.228807155000002240e+03 2.368329400000000007e+01
2.228822396000003209e+03 2.370856099999999955e+01
8.484275500000512693e+01 2.317408500000000160e+01
3.339717977000000246e+03 2.354162200000000027e+01
3.314810831000002509e+03 2.368885500000000022e+01
3.314825131999998121e+03 2.372052899999999909e+01
3.340706739000001107e+03 2.365156199999999842e+01
3.323783548999999766e+03 2.324645999999999901e+01
3.323798904000002949e+03 2.336584799999999973e+01
3.340695363999999245e+03 2.360966700000000174e+01
2.228777670000003127e+03 2.361856099999999969e+01
8.126165870000040741e+02 2.344826000000000121e+01
8.126316500000029919e+02 2.350724800000000059e+01
8.126619470000005094e+02 2.360871799999999965e+01
8.126497190000009141e+02 2.357032500000000041e+01
2.954750814999999420e+03 2.349187600000000131e+01
2.954772761000000173e+03 2.357007400000000175e+01
3.379094220000042696e+02 2.326453499999999863e+01
3.379257530000031693e+02 2.329119199999999879e+01
1.506712350000016158e+02 2.386327899999999858e+01
2.537961711000003561e+03 2.303902899999999931e+01
1.506849670000010519e+02 2.385912199999999928e+01
2.537978032999999414e+03 2.307120099999999852e+01
2.537986564999999246e+03 2.308544600000000102e+01
1.858895984000002500e+03 2.291259799999999913e+01
1.858919939999999769e+03 2.291073899999999952e+01
2.713710280999999668e+03 2.301192899999999852e+01
1.858935152999998536e+03 2.290288200000000174e+01
2.713656822000004468e+03 2.337976000000000099e+01
2.713676547000002756e+03 2.320611800000000002e+01
2.713694054999999935e+03 2.311443799999999982e+01
2.931804121000001032e+03 2.337045399999999873e+01
1.858809784000004584e+03 2.281618399999999980e+01
7.737943339999983436e+02 2.354700199999999910e+01
7.738124349999998230e+02 2.357695700000000016e+01
2.931818685999998706e+03 2.342823900000000137e+01
1.858818485000003420e+03 2.283298699999999926e+01
2.509978763999999501e+03 2.163946200000000175e+01
1.858840994999998657e+03 2.286930299999999860e+01
1.858873361999998451e+03 2.290272600000000125e+01
1.858796530999999959e+03 2.278773299999999935e+01
8.116368189999993774e+02 2.350820799999999977e+01
8.116543930000043474e+02 2.356684299999999865e+01
8.126329919999989215e+02 2.349446400000000068e+01
8.126483789999983856e+02 2.354450100000000035e+01
8.126623939999990398e+02 2.358580100000000002e+01
8.126161399999982677e+02 2.343341200000000057e+01
1.063926911000002292e+03 2.310340899999999920e+01
1.063977844000000914e+03 2.325959399999999988e+01
1.063942177000004449e+03 2.315706099999999878e+01
1.063961648000004061e+03 2.321690900000000113e+01
1.048969253000002936e+03 2.343165799999999876e+01
3.280897303999998257e+03 2.369783999999999935e+01
3.280857077000000572e+03 2.360479700000000136e+01
3.280872986000002129e+03 2.363919800000000038e+01
3.280879734000001918e+03 2.365817099999999940e+01
2.630670232000004034e+03 2.317040599999999984e+01
2.630688728000000992e+03 2.321675799999999867e+01
3.020605801000005158e+03 2.337396199999999880e+01
2.569835956000002625e+03 2.302657900000000168e+01
3.998054659999979776e+02 2.338513599999999926e+01
3.020620754000003217e+03 2.341090799999999916e+01
3.997934500000046683e+02 2.356932700000000125e+01
2.569827766000002157e+03 2.301286599999999893e+01
2.569852734000000055e+03 2.305361200000000110e+01
2.569807001000001037e+03 2.297609999999999886e+01
2.168952315000002272e+03 2.378986099999999837e+01
2.168971903999998176e+03 2.382903500000000108e+01
1.051977868000001763e+03 2.139078999999999908e+01
3.021574315999998362e+03 2.341885399999999962e+01
3.021588775000003807e+03 2.346693000000000140e+01
2.900929302000004100e+03 2.359461800000000054e+01
2.900940712000003259e+03 2.362687599999999932e+01
2.901921287000004668e+03 2.379214999999999947e+01
2.901942244999998366e+03 2.385171199999999914e+01
2.241737507999998343e+03 2.287778399999999834e+01
2.241852823000001081e+03 2.298456200000000038e+01
2.241829718000000867e+03 2.298132800000000131e+01
2.241750661999998556e+03 2.289922299999999922e+01
2.241704052000000956e+03 2.282313399999999959e+01
2.241775172000001476e+03 2.293483499999999964e+01
2.241722548000005190e+03 2.285272099999999895e+01
2.241757950999999593e+03 2.291052600000000083e+01
2.921877877999999328e+03 2.303700999999999866e+01
2.270803121000004467e+03 2.309676599999999880e+01
2.921856564000001526e+03 2.297012199999999993e+01
2.921841145999998844e+03 2.291448799999999864e+01
2.893955031000004965e+03 2.332888499999999965e+01
2.270785529000000679e+03 2.311011399999999938e+01
2.893972844000003533e+03 2.337332400000000021e+01
2.921861487000001944e+03 2.298660399999999981e+01
