2.541090207000001101e+03 2.463848399999999828e+01
2.352765988999999536e+03 2.439393799999999857e+01
8.028218710000001010e+02 2.421688299999999927e+01
7.878291749999989406e+02 2.347304700000000111e+01
7.878459010000005946e+02 2.353331500000000176e+01
8.028356300000014016e+02 2.428511299999999906e+01
2.957928663999999117e+03 2.387121600000000043e+01
2.957942816000002495e+03 2.392476200000000119e+01
2.352778601999998500e+03 2.432885599999999826e+01
3.004805541000001540e+03 2.443335300000000032e+01
3.004784509000004618e+03 2.434991499999999931e+01
2.541078738000003796e+03 2.459965800000000158e+01
3.003769303000000946e+03 2.409298400000000129e+01
3.003788512999999512e+03 2.419077700000000064e+01
2.541044843000003311e+03 2.444106000000000023e+01
2.541058112999999139e+03 2.451158799999999971e+01
1.501991878000000725e+03 2.454431299999999894e+01
1.502012163999999757e+03 2.452968999999999866e+01
2.167083681000003708e+03 2.429524299999999926e+01
2.167097198000003118e+03 2.451967399999999841e+01
1.502931614000000991e+03 2.394925999999999888e+01
1.502951674000003550e+03 2.400235500000000144e+01
4.179285969999982626e+02 2.413079000000000107e+01
4.179470980000041891e+02 2.443738600000000005e+01
4.189427930000019842e+02 2.421789100000000161e+01
4.189659289999981411e+02 2.449079599999999957e+01
2.155105412999997498e+03 2.407175000000000153e+01
2.155115809000002628e+03 2.412438200000000066e+01
1.097033559000003152e+03 2.442236099999999865e+01
1.922801364999999350e+03 2.444897999999999882e+01
2.574021367000001192e+03 2.432883100000000098e+01
1.922818555999998352e+03 2.448875100000000060e+01
2.574032394000001659e+03 2.434883699999999962e+01
1.097022225000000617e+03 2.438327100000000058e+01
1.154876250000001164e+03 2.428912599999999955e+01
1.154854242000001250e+03 2.419999599999999873e+01
2.249880562999998801e+03 2.427424099999999996e+01
2.249896780000002764e+03 2.428752700000000075e+01
1.175828071000003547e+03 2.407522600000000068e+01
1.175814095000001544e+03 2.402884699999999896e+01
8.080991899999935413e+01 2.432824899999999957e+01
8.082622200000332668e+01 2.444057000000000102e+01
2.706760033999998996e+03 2.425259799999999899e+01
2.706774893000001612e+03 2.420804899999999904e+01
1.176789984000002733e+03 2.412491199999999836e+01
1.176775518000002194e+03 2.404604300000000094e+01
7.330099140000020270e+02 2.364539699999999911e+01
7.331065210000015213e+02 2.379292099999999976e+01
3.336892250000004424e+03 2.406957500000000039e+01
3.336905751999998756e+03 2.411816500000000119e+01
3.336864076999998360e+03 2.393334700000000126e+01
1.829989992000002530e+03 2.392868999999999957e+01
1.830011644999998680e+03 2.403746299999999891e+01
3.221331150000041816e+02 2.455075300000000027e+01
8.180593700000463286e+01 2.401905000000000001e+01
2.630863221999999951e+03 2.455052600000000140e+01
2.630883808999999019e+03 2.458575400000000144e+01
7.329959200000012061e+02 2.358290300000000173e+01
3.336882283999999345e+03 2.402706999999999837e+01
8.182043500000145286e+01 2.423930800000000119e+01
7.330794959999984712e+02 2.378622100000000117e+01
3.331232319999980973e+02 2.381635700000000000e+01
7.669575049999984913e+02 2.450773600000000130e+01
3.331346820000035223e+02 2.394209299999999985e+01
7.669767500000016298e+02 2.454527600000000120e+01
1.865939798999999766e+03 2.446168000000000120e+01
1.865928854999998293e+03 2.442691599999999852e+01
1.865974762999998347e+03 2.453355900000000034e+01
1.865989531999999599e+03 2.454712200000000166e+01
1.882848876000003656e+03 2.427729599999999976e+01
1.882863613000001351e+03 2.435110399999999942e+01
1.882905143000003591e+03 2.433109100000000069e+01
1.882920447000004060e+03 2.441403700000000043e+01
1.881949164999998175e+03 2.407509200000000149e+01
1.881969221999999718e+03 2.405411900000000003e+01
2.959951299000000290e+03 2.400471599999999839e+01
2.959969639000002644e+03 2.404629600000000167e+01
2.920001905999997689e+03 2.429224900000000176e+01
2.920013338000004296e+03 2.435791400000000095e+01
2.945988953000000038e+03 2.434604200000000063e+01
7.908643779999983963e+02 2.404317299999999946e+01
3.394731487000004563e+03 2.422888000000000019e+01
3.394746409999999742e+03 2.429172499999999957e+01
3.394756562000002305e+03 2.432385599999999926e+01
3.394772089999998570e+03 2.436321099999999973e+01
7.908408689999996568e+02 2.393192399999999864e+01
2.946002765999997791e+03 2.436099700000000112e+01
3.290991570000041975e+02 2.415776899999999827e+01
3.291108480000038981e+02 2.421296800000000005e+01
7.649836100000029546e+02 2.442457399999999978e+01
7.649935089999999036e+02 2.443876600000000110e+01
7.650168770000018412e+02 2.445546799999999976e+01
7.649583480000001146e+02 2.436819099999999949e+01
3.311350559999991674e+02 2.436081499999999878e+01
3.356939124000004085e+03 2.408575599999999994e+01
1.175828970000002300e+03 2.408599500000000049e+01
1.175815888000004634e+03 2.404169999999999874e+01
3.331374280000018189e+02 2.395833999999999975e+01
2.706775799000002735e+03 2.424006200000000177e+01
2.706760941000000457e+03 2.428105400000000103e+01
1.176806471000003512e+03 2.420375800000000055e+01
1.176790434000002278e+03 2.413038999999999845e+01
1.865935191000004124e+03 2.445526699999999920e+01
1.176775965000000724e+03 2.405005799999999994e+01
1.176820394000002125e+03 2.425553700000000035e+01
1.865995992000003753e+03 2.456702100000000044e+01
1.865949798000001465e+03 2.449766599999999883e+01
1.866014888999998220e+03 2.456888800000000117e+01
1.422101850999999442e+03 2.444689999999999941e+01
1.197513489999982994e+02 2.386068500000000014e+01
1.855066447999997763e+03 2.405475399999999908e+01
1.422123984999998356e+03 2.456783499999999876e+01
1.197710779999979422e+02 2.379786999999999964e+01
1.855079964000004111e+03 2.402890500000000173e+01
1.881903722000002745e+03 2.409534899999999880e+01
1.881919086000001698e+03 2.410010799999999875e+01
4.209365899999975227e+02 2.440483499999999850e+01
2.604888426999998046e+03 2.390364500000000092e+01
2.604900126000000455e+03 2.391482900000000100e+01
2.604955216000002110e+03 2.411793099999999868e+01
2.604970624000001408e+03 2.413191199999999981e+01
4.209232730000003357e+02 2.440117300000000000e+01
1.072143643000003067e+03 2.241199399999999997e+01
1.072104343999999401e+03 2.436945599999999956e+01
1.072120037000000593e+03 2.441793600000000097e+01
4.358614589999997406e+02 2.456229700000000093e+01
8.557869940000018687e+02 2.459595699999999852e+01
8.558049350000001141e+02 2.457917300000000083e+01
8.237335240000029444e+02 2.403527100000000161e+01
8.237458919999990030e+02 2.411291100000000043e+01
4.368312750000040978e+02 2.432359500000000097e+01
4.368414400000037858e+02 2.446687899999999871e+01
1.893845746999999392e+03 2.422065299999999866e+01
1.893879645000000892e+03 2.434465399999999846e+01
1.893834420999999566e+03 2.419722499999999954e+01
1.893896461000003910e+03 2.437604800000000083e+01
1.508905396000001929e+03 2.399180000000000135e+01
3.245125358999997843e+03 2.411340099999999964e+01
1.508889983000000939e+03 2.392891799999999947e+01
3.260135367000002589e+03 2.427458199999999877e+01
3.260117845000000671e+03 2.422478999999999871e+01
1.123978773000002548e+03 2.408443799999999868e+01
1.123999077000000398e+03 2.412887999999999877e+01
5.900063999999838416e+01 2.412283499999999847e+01
2.264810576000003493e+03 2.432202300000000150e+01
2.917088384000002407e+03 2.403895800000000094e+01
2.917100551000003179e+03 2.405349100000000107e+01
2.917069778000004590e+03 2.400524000000000058e+01
2.264826404999999795e+03 2.436156899999999936e+01
2.917125332000003255e+03 2.406466500000000153e+01
1.068440869999976712e+02 2.436055400000000049e+01
2.618893472000003385e+03 2.360045099999999962e+01
2.618907488000004378e+03 2.359772699999999901e+01
2.619823210000002291e+03 2.404409400000000119e+01
2.619840179999999236e+03 2.413901200000000102e+01
1.968827263999999559e+03 2.422050899999999984e+01
2.679826659999998810e+03 2.403962100000000035e+01
2.897088506000000052e+03 2.432305500000000009e+01
2.897110829999997804e+03 2.440779099999999957e+01
2.679804051999999501e+03 2.407818699999999978e+01
3.088775697000004584e+03 2.369017399999999895e+01
1.146911409000000276e+03 2.434850899999999996e+01
3.286088974999998754e+03 2.437830800000000053e+01
3.286067577000001620e+03 2.434020200000000145e+01
2.873133060000000114e+03 2.447454400000000163e+01
3.308028408999998646e+03 2.462608900000000034e+01
3.307996362999998382e+03 2.456044100000000086e+01
1.982794952000003832e+03 2.358903400000000161e+01
2.164106127999999444e+03 2.409717399999999898e+01
2.164121796999999788e+03 2.415238799999999841e+01
3.031802575000001525e+03 2.462858900000000162e+01
3.031820641999998770e+03 2.463186999999999927e+01
1.527828493000000890e+03 2.385988000000000042e+01
1.527844613000001118e+03 2.393438799999999844e+01
1.538835489999997662e+03 2.420070099999999869e+01
1.538821984000001976e+03 2.414114400000000060e+01
1.541861822999999276e+03 2.452100300000000033e+01
2.165122969000003650e+03 2.457382600000000039e+01
3.417778059000003850e+03 2.441617400000000160e+01
1.541885364000001573e+03 2.456679600000000008e+01
3.417749843999998120e+03 2.442179300000000097e+01
2.180057170000000042e+03 2.351673100000000005e+01
1.095004684999999881e+03 2.422839899999999957e+01
3.279125649000001431e+03 2.398389299999999835e+01
3.279145351999999548e+03 2.398660299999999879e+01
2.180079422000002523e+03 2.358661700000000039e+01
1.095030677000002470e+03 2.435495299999999830e+01
2.180071347999997670e+03 2.356360799999999855e+01
2.180091217000001052e+03 2.361537399999999920e+01
3.034848660000003292e+03 2.381915700000000058e+01
3.819782850000046892e+02 2.425026599999999988e+01
1.097022672999999486e+03 2.434692899999999938e+01
2.167097646000001987e+03 2.448553499999999872e+01
3.034821780999998737e+03 2.385065099999999916e+01
3.819645660000023781e+02 2.406629699999999872e+01
2.167084130000002915e+03 2.426026699999999892e+01
2.647768825999999535e+03 2.383022199999999913e+01
2.647756228999998712e+03 2.376620600000000039e+01
6.851289420000030077e+02 2.436587099999999850e+01
2.690747742999999900e+03 2.415547000000000111e+01
2.690782970000000205e+03 2.414603599999999872e+01
1.152893018000002485e+03 2.438964500000000157e+01
1.152906924000002618e+03 2.443070200000000014e+01
1.173807981999998447e+03 2.442301399999999845e+01
1.154897421000001486e+03 2.432495300000000071e+01
1.153898250999998709e+03 2.405529900000000154e+01
1.153909036000004562e+03 2.408366600000000091e+01
1.154876696999999695e+03 2.425568099999999916e+01
2.248904651000004378e+03 2.389942599999999828e+01
7.889061100000253646e+01 2.426852399999999932e+01
2.890126328999998805e+03 2.382716699999999932e+01
2.249881010999997670e+03 2.423938499999999863e+01
2.249897231000002648e+03 2.426165299999999903e+01
2.248917616999999154e+03 2.393005799999999894e+01
7.890614600000117207e+01 2.436337599999999881e+01
1.173793292000002111e+03 2.434411000000000058e+01
1.423103180999998585e+03 2.416255100000000056e+01
7.719395770000046468e+02 2.431148500000000112e+01
1.422101404000000912e+03 2.444312599999999946e+01
7.719758839999994962e+02 2.437746100000000027e+01
1.422123533999998472e+03 2.456136300000000006e+01
1.198141099999993457e+02 2.383585599999999971e+01
1.423119281999999657e+03 2.424718899999999877e+01
1.198381480000025476e+02 2.409329800000000077e+01
2.303753413999998884e+03 2.422795299999999941e+01
2.305746032000002742e+03 2.430314200000000113e+01
2.305771721999997681e+03 2.435149799999999942e+01
8.018650150000030408e+02 2.422183700000000073e+01
8.018777210000043851e+02 2.424744600000000005e+01
3.819627420000033453e+02 2.405407699999999949e+01
3.819800979999999981e+02 2.425293900000000136e+01
3.417750748999998905e+03 2.440485100000000074e+01
3.417778964999997697e+03 2.439280400000000171e+01
2.957920995000000403e+03 2.378843699999999828e+01
2.957930504000003566e+03 2.383349499999999921e+01
3.365900835000000370e+03 2.449384200000000078e+01
3.365918493999997736e+03 2.449088700000000074e+01
2.920023403999999573e+03 2.435858100000000093e+01
2.920027521000003617e+03 2.437923899999999833e+01
3.291213140000036219e+02 2.416836800000000096e+01
2.920046039000000746e+03 2.445101800000000125e+01
2.920009728000004543e+03 2.428165600000000168e+01
3.291040750000029220e+02 2.397616400000000070e+01
3.355817784999999276e+03 2.367991100000000060e+01
3.355831339000003936e+03 2.360576599999999914e+01
2.945987136000003375e+03 2.429491300000000109e+01
2.946003216000004613e+03 2.431696000000000168e+01
2.946019487999998091e+03 2.433177200000000084e+01
1.860936493000001065e+03 2.402224800000000116e+01
2.945943357000003743e+03 2.418735500000000016e+01
2.945957024000003003e+03 2.421078800000000086e+01
1.860917064000001119e+03 2.392660700000000062e+01
2.945974933999998029e+03 2.427087399999999917e+01
