2.525990130999998655e+03 2.155075100000000177e+01
2.168958183000002464e+03 2.124991199999999836e+01
1.210653453999999329e+03 2.160279799999999994e+01
1.210659743000003800e+03 2.161743200000000087e+01
3.439699437000002945e+03 2.167295500000000175e+01
1.643682380999998713e+03 2.147890200000000149e+01
8.067089620000042487e+02 2.135835399999999851e+01
8.066998050000038347e+02 2.131257899999999950e+01
2.992723540999999386e+03 2.158086099999999874e+01
1.040070635000003676e+03 2.138357699999999895e+01
2.993900847999997495e+03 2.159254500000000121e+01
4.597374800000034156e+02 2.153885700000000014e+01
2.156072736000001896e+03 2.154846999999999824e+01
4.596409270000003744e+02 2.144885400000000075e+01
4.596652319999993779e+02 2.155982699999999852e+01
2.141051612000002933e+03 2.165486800000000045e+01
2.141059205999998085e+03 2.169071999999999889e+01
2.141048038000000815e+03 2.163679000000000130e+01
2.141058311000000685e+03 2.168666800000000094e+01
2.141067256000002089e+03 2.157663600000000059e+01
4.596436079999984941e+02 2.151578599999999852e+01
8.707384380000003148e+02 2.173676599999999937e+01
8.707092909999992116e+02 2.178483400000000003e+01
2.171976246999998693e+03 2.160604599999999920e+01
2.605790245000003779e+03 2.133605700000000027e+01
2.606780997000001662e+03 2.175730300000000028e+01
2.605779897000000346e+03 2.128847100000000125e+01
8.707375440000032540e+02 2.173864500000000177e+01
7.181649800000013784e+01 2.189236700000000013e+01
2.251740845000000263e+03 2.117187799999999953e+01
3.881227100000251085e+01 2.133546600000000026e+01
1.557642240000001038e+03 2.108801599999999965e+01
1.557652588999997533e+03 2.114052200000000070e+01
1.557648068000002240e+03 2.111854100000000045e+01
3.880150999999750638e+01 2.110945800000000006e+01
1.557644023000000743e+03 2.109780100000000047e+01
3.120535810000001220e+02 2.144148399999999910e+01
1.420078850999998394e+03 2.185651599999999917e+01
1.420077954000000318e+03 2.185435700000000026e+01
3.373677369000004546e+03 2.179389799999999866e+01
1.318000880000035977e+02 2.174253200000000064e+01
1.318032290000046487e+02 2.171946200000000005e+01
9.565298500000062631e+01 2.132401700000000133e+01
9.565030200000182958e+01 2.130634799999999984e+01
7.280737840000001597e+02 2.168710799999999850e+01
1.170917183999998088e+03 2.181622499999999931e+01
1.161776711999998952e+03 2.164247800000000055e+01
7.280728860000017448e+02 2.168764399999999881e+01
7.280850179999979446e+02 2.152999099999999899e+01
1.170924799000000348e+03 2.179729000000000028e+01
2.644692917000000307e+03 2.160074499999999986e+01
2.644672774999999092e+03 2.151262099999999933e+01
2.644706349000000046e+03 2.164828599999999881e+01
6.930771630000017467e+02 2.141268600000000077e+01
1.787018167000001995e+03 2.156786100000000062e+01
1.787015489999997953e+03 2.155392300000000105e+01
1.787025756000002730e+03 2.160492999999999952e+01
4.867053749999977299e+02 2.177861800000000159e+01
4.867367460000023129e+02 2.189951599999999843e+01
1.191648208999999042e+03 2.086504899999999907e+01
1.191646422999998322e+03 2.085597599999999829e+01
2.665654700999999477e+03 2.147294600000000031e+01
3.099689294000003429e+03 2.131981100000000140e+01
1.579741481000004569e+03 2.156323000000000079e+01
3.099691081999997550e+03 2.131193499999999830e+01
1.579732439999999769e+03 2.156623300000000043e+01
1.579774213000004238e+03 2.153325999999999851e+01
1.579767286000002059e+03 2.154216999999999871e+01
3.669092870000022231e+02 2.148264400000000052e+01
2.317669461999998020e+03 2.196855599999999953e+01
2.316767185000004247e+03 2.200222499999999926e+01
1.204655165000003763e+03 2.147251299999999929e+01
3.669110880000007455e+02 2.150393700000000052e+01
1.206648305000002438e+03 2.156371400000000094e+01
2.316756688000001304e+03 2.202048999999999879e+01
2.316744469999997818e+03 2.203732300000000066e+01
1.327773149999993620e+02 2.166899599999999992e+01
2.316758481000004394e+03 2.201759500000000003e+01
1.404064422000003105e+03 2.110135800000000117e+01
1.225677472000003036e+03 2.161232400000000098e+01
7.777964879999999539e+02 2.135616999999999877e+01
2.282656810000000405e+03 2.139680800000000005e+01
3.449652130000031320e+02 2.163282399999999939e+01
3.449633749999993597e+02 2.164152299999999940e+01
1.429999516000003496e+03 2.111143399999999914e+01
7.549944939999986673e+02 2.203103199999999973e+01
1.430994423000003735e+03 2.110516700000000156e+01
2.732716134000002057e+03 2.137283499999999847e+01
3.384645603999997547e+03 2.157945099999999883e+01
1.430992637000003015e+03 2.109609700000000032e+01
3.383650646000001871e+03 2.130389200000000116e+01
3.384641137999999046e+03 2.155639100000000141e+01
3.383683418000000529e+03 2.158364200000000110e+01
2.503077025999999023e+03 2.143853400000000065e+01
3.384650964000000386e+03 2.160547199999999890e+01
7.798409470000042347e+02 2.150411499999999876e+01
1.317928860000029090e+02 2.178752799999999823e+01
1.190675721999999951e+03 2.151689199999999857e+01
1.191645977000000130e+03 2.084659800000000018e+01
1.191648655000004510e+03 2.086047399999999996e+01
1.317996409999977914e+02 2.177242299999999986e+01
1.318027819999988424e+02 2.175049699999999930e+01
2.317754793000000063e+03 2.195286300000000068e+01
1.327768680000008317e+02 2.169273300000000049e+01
3.373677816000003077e+03 2.178955799999999954e+01
2.317710376000002725e+03 2.198761800000000122e+01
1.787018613000000187e+03 2.156112600000000157e+01
1.787023967000000994e+03 2.158803699999999992e+01
1.787015045000000100e+03 2.154217299999999824e+01
1.787033350999998220e+03 2.163115700000000174e+01
1.787026203000001260e+03 2.159876399999999919e+01
1.076412300000010873e+02 2.163505899999999826e+01
1.579774661000003107e+03 2.154442500000000038e+01
1.579741930000003777e+03 2.157002100000000056e+01
1.579767734000000928e+03 2.155231900000000067e+01
3.389641118999999890e+03 2.146158700000000152e+01
2.537094533000003139e+03 2.175027499999999847e+01
3.099688846999997622e+03 2.135178700000000163e+01
3.679023040000029141e+02 2.124097400000000135e+01
3.099691529000003356e+03 2.134096800000000016e+01
2.665653804000001401e+03 2.146516899999999950e+01
8.077240769999989425e+02 2.158366200000000035e+01
8.076957679999977699e+02 2.145575099999999935e+01
8.428187939999988885e+02 2.183847600000000000e+01
8.428359580000033020e+02 2.179464099999999860e+01
3.027803035999997519e+03 2.163565099999999930e+01
1.074970751000000746e+03 2.170531799999999834e+01
3.027771748999999545e+03 2.165909399999999962e+01
3.027791220999999496e+03 2.164775099999999952e+01
1.074977472999999009e+03 2.173723999999999990e+01
3.027806747000002360e+03 2.163103200000000115e+01
1.586762650000018766e+02 2.177976299999999910e+01
1.586780570000046282e+02 2.171198199999999900e+01
3.232071190000002389e+03 2.123847100000000054e+01
4.247808769999974174e+02 2.167343999999999937e+01
1.077960115000001679e+03 2.171528199999999842e+01
1.077966365000000224e+03 2.174583000000000155e+01
1.077958330000001297e+03 2.170611299999999844e+01
1.077969948999998451e+03 2.176230899999999835e+01
1.896729862000000139e+03 2.162941000000000003e+01
1.896724478000003728e+03 2.160486200000000068e+01
3.015655008000001544e+03 2.147168399999999977e+01
1.897726813000001130e+03 2.173937400000000153e+01
3.465693860999999742e+03 2.131906199999999885e+01
2.348736882999997761e+03 2.173873299999999986e+01
2.348734383000002708e+03 2.174785999999999930e+01
3.234060127000004286e+03 2.144174399999999991e+01
1.079953018000000156e+03 2.148487899999999939e+01
1.898734720000000380e+03 2.183880500000000069e+01
1.899710231999997632e+03 2.139300199999999919e+01
1.049034720000003290e+03 2.152343400000000173e+01
1.899712017999998352e+03 2.140197500000000019e+01
3.261989733000002161e+03 2.138025999999999982e+01
1.525955222000004142e+03 2.155153999999999925e+01
1.525945790999998280e+03 2.157343499999999992e+01
3.261978538000003027e+03 2.132590599999999981e+01
1.525949828000004345e+03 2.156443799999999911e+01
3.055709204999999201e+03 2.191116600000000147e+01
3.055698686000003363e+03 2.191697800000000029e+01
3.055700480999999854e+03 2.191620199999999841e+01
2.637692203999999037e+03 2.149993200000000115e+01
2.637690420999999333e+03 2.149104799999999926e+01
4.646494040000034147e+02 2.135102900000000048e+01
8.986921300000030897e+02 2.131308999999999898e+01
2.866077772000004188e+03 2.134686900000000165e+01
4.402746399999887217e+01 2.145580400000000054e+01
2.672755664000003890e+03 2.166873100000000107e+01
2.672737437000003411e+03 2.167364399999999947e+01
2.672643098000000464e+03 2.139365000000000094e+01
2.672709104000001389e+03 2.166271800000000169e+01
3.317840738999999303e+03 2.154812499999999886e+01
1.582647707000003720e+03 2.168608300000000000e+01
2.292637085000002116e+03 2.113520899999999969e+01
2.523997243999998318e+03 2.149985600000000119e+01
3.102695845000002009e+03 2.136557900000000032e+01
1.791053295999998227e+03 2.193879000000000090e+01
1.845909278999999515e+03 2.180878699999999881e+01
2.226833890000001702e+03 2.158583399999999841e+01
1.515757177999999840e+03 2.139761100000000127e+01
1.515760748000000603e+03 2.141633699999999862e+01
3.049693181000002369e+03 2.170362400000000136e+01
3.019640757000001031e+03 2.103847199999999873e+01
3.019673911999998381e+03 2.133068000000000097e+01
3.437724041000001307e+03 2.170420999999999978e+01
3.003965298000002804e+03 2.166838800000000020e+01
2.167973520999999892e+03 2.172667900000000074e+01
4.596480740000042715e+02 2.135885700000000043e+01
4.597379280000022845e+02 2.152600899999999839e+01
4.597446649999983492e+02 2.156816699999999898e+01
3.022652558000001591e+03 2.146502100000000013e+01
6.999916520000042510e+02 2.143685800000000086e+01
4.892382699999870965e+01 2.132156300000000115e+01
4.893647800000326242e+01 2.137650199999999856e+01
1.556648199000002933e+03 2.150285099999999971e+01
2.250752853999998479e+03 2.152562999999999960e+01
1.814988188000002992e+03 2.148207299999999975e+01
1.814989085000001069e+03 2.148485700000000165e+01
1.815956259999999020e+03 2.155606099999999969e+01
6.973757900000055088e+01 2.152409199999999956e+01
7.892211200000019744e+01 2.184270199999999917e+01
2.879061367000002065e+03 2.193575600000000136e+01
1.588646770999999717e+03 2.148254700000000028e+01
1.807094159000000218e+03 2.190616100000000088e+01
2.880076845000003232e+03 2.176660499999999843e+01
2.250761435000000347e+03 2.156926400000000044e+01
2.671690363000001526e+03 2.182159899999999908e+01
2.250772231000002648e+03 2.161782399999999882e+01
6.982176500000059605e+01 2.179404200000000102e+01
3.343760363000001234e+03 2.158268699999999995e+01
1.608703800000002957e+03 2.153299700000000172e+01
1.608735936999997648e+03 2.146565700000000021e+01
3.356927588999998989e+03 2.165246600000000043e+01
3.356932620999999926e+03 2.164255199999999846e+01
2.675652833000000101e+03 2.140499399999999852e+01
2.251752074000003631e+03 2.118048800000000043e+01
1.899711572000000160e+03 2.140641099999999852e+01
1.899710678000003099e+03 2.140201000000000064e+01
3.437727211999997962e+03 2.167359700000000089e+01
3.420656728000001749e+03 2.160797399999999868e+01
3.437724487999999837e+03 2.168153600000000125e+01
3.439698539999997593e+03 2.167431699999999850e+01
2.280679600000003120e+03 2.165675900000000098e+01
2.280673790000000736e+03 2.162776200000000060e+01
2.280682285000002594e+03 2.166944799999999915e+01
1.643680591000003915e+03 2.149214800000000025e+01
1.210653005000000121e+03 2.157863899999999902e+01
1.210659294000004593e+03 2.159494199999999964e+01
2.295642628000001423e+03 2.130730000000000146e+01
1.256754500000024564e+02 2.177610400000000013e+01
7.777955920000022161e+02 2.131497699999999895e+01
