2.154055734000001394e+03 2.305797799999999853e+01
1.890780536999998731e+03 2.315380000000000038e+01
1.506831106999998156e+03 2.329309100000000043e+01
3.009678542000001471e+03 2.284973899999999958e+01
1.505834965000001830e+03 2.338027900000000159e+01
0.000000000000000000e+00 2.362964799999999954e+01
2.893075164000001678e+03 2.114971099999999993e+01
3.336891182999999728e+03 2.344393399999999872e+01
1.179693566000001738e+03 2.304772000000000176e+01
1.179689976000001479e+03 2.302036800000000127e+01
2.275710421000003407e+03 2.327441500000000119e+01
2.275702798999998777e+03 2.322729999999999961e+01
2.275731576999998651e+03 2.338172300000000092e+01
2.952876293000001169e+03 2.324775100000000094e+01
1.831938306000003649e+03 2.322645199999999832e+01
3.341770391999998537e+03 2.319499400000000122e+01
2.656662307999999030e+03 2.287162100000000109e+01
2.276689815999998245e+03 2.301832399999999978e+01
7.708310770000025514e+02 2.306115000000000137e+01
1.477234240000034333e+02 2.284396999999999878e+01
3.520063559999980498e+02 2.332111700000000098e+01
3.519986829999979818e+02 2.316797899999999899e+01
1.418044653999997536e+03 2.332581000000000060e+01
1.445982049999998708e+03 2.276450000000000173e+01
1.864839167999998608e+03 2.315843800000000030e+01
1.864808633000000555e+03 2.294281499999999951e+01
7.957389489999986836e+02 2.294556700000000049e+01
2.951863620000003721e+03 2.294460499999999925e+01
2.275709070999997493e+03 2.325929100000000105e+01
2.276690713000003598e+03 2.301542600000000149e+01
2.275731118000003335e+03 2.337612999999999985e+01
1.477238720000023022e+02 2.287506499999999932e+01
2.303677449000002525e+03 2.331612799999999908e+01
7.708292829999991227e+02 2.304342799999999869e+01
2.952877190999999584e+03 2.324806500000000042e+01
2.952885742999998911e+03 2.328437399999999968e+01
3.520022880000033183e+02 2.325685999999999964e+01
1.892745863000003737e+03 2.322187100000000015e+01
1.892750385999999708e+03 2.325337299999999985e+01
2.160007815999997547e+03 2.280384099999999847e+01
8.287114020000008168e+02 2.361211899999999986e+01
4.118005879999982426e+02 2.335093900000000033e+01
2.982751875000001746e+03 2.277955499999999844e+01
2.597873426999998628e+03 2.349749500000000069e+01
2.598850203000001784e+03 2.300713899999999867e+01
2.598851099999999860e+03 2.301095499999999916e+01
3.045690119999999297e+03 2.315705900000000028e+01
3.042759223000000929e+03 2.320109300000000019e+01
1.537710371000001032e+03 2.306761799999999951e+01
3.275976711000002979e+03 2.286033600000000021e+01
3.276947726999998849e+03 2.303079200000000171e+01
1.537708135000000766e+03 2.304966200000000143e+01
3.275973573000002943e+03 2.284225400000000050e+01
1.800032656000003044e+03 2.325101899999999944e+01
2.538987219000002369e+03 2.345418099999999839e+01
1.149771613999997498e+03 2.306474199999999897e+01
1.800988378000001831e+03 2.287196300000000093e+01
7.389241830000028131e+02 2.301253300000000124e+01
7.389273240000038641e+02 2.303140399999999843e+01
7.079786400000011781e+02 2.275811099999999954e+01
1.149774299000004248e+03 2.308585000000000065e+01
4.167836089999982505e+02 2.309333399999999870e+01
2.154067483999999240e+03 2.306438500000000147e+01
2.628732551000000967e+03 2.302443699999999893e+01
2.628729405999998562e+03 2.300195499999999882e+01
2.155037108000004082e+03 2.300992700000000113e+01
4.499999995459802449e-04 2.356247899999999973e+01
1.121849737000004097e+03 2.304008500000000126e+01
1.121847947000002023e+03 2.302590000000000003e+01
4.717593229999984032e+02 2.336448800000000148e+01
8.974325300000054995e+01 2.354084599999999838e+01
1.184714340999998967e+03 2.292586299999999966e+01
2.893045341000004555e+03 2.281369700000000122e+01
3.336908810000000813e+03 2.344735199999999864e+01
3.848992050000015297e+02 2.326128699999999938e+01
3.365715541999998095e+03 2.306540700000000044e+01
3.365714168999998947e+03 2.305499500000000168e+01
