1.546627848999996786e+03 2.435181100000000143e+01
1.546641582999996899e+03 2.444177600000000083e+01
3.308842304999998305e+03 2.451499000000000095e+01
3.308860908000002382e+03 2.459138700000000100e+01
2.251732564999998431e+03 2.405000199999999921e+01
2.251745163999999932e+03 2.410894400000000104e+01
2.158976996999997937e+03 2.420923600000000064e+01
2.158992902999998478e+03 2.427999600000000058e+01
2.159010500999997021e+03 2.434655199999999908e+01
2.158960987999998906e+03 2.412581300000000084e+01
2.633705771000000823e+03 2.418928400000000067e+01
2.633692166000000725e+03 2.413272299999999859e+01
2.605731120999997074e+03 2.433302700000000129e+01
2.605748956999996153e+03 2.444004599999999883e+01
3.083129200000257697e+01 2.438144600000000040e+01
3.084719899999618065e+01 2.429666599999999832e+01
2.965897538999997778e+03 2.463100599999999929e+01
1.780017822000001615e+03 2.439674400000000176e+01
2.965879571999998007e+03 2.461612399999999923e+01
1.045024876000003133e+03 2.428501599999999883e+01
1.157729225000002771e+03 2.468469800000000092e+01
1.157741881000001740e+03 2.473992300000000100e+01
1.185619221000000834e+03 2.426057199999999980e+01
1.185635852999999770e+03 2.436595600000000061e+01
2.934866726000000199e+03 2.422476299999999938e+01
2.934849691000003077e+03 2.413580100000000073e+01
1.839857525999999780e+03 2.449007200000000140e+01
1.839839531999998144e+03 2.438821899999999943e+01
1.539658247999999730e+03 2.424367200000000011e+01
1.539675446000001102e+03 2.435079400000000049e+01
4.407017540000015288e+02 2.435182999999999964e+01
4.406865879999968456e+02 2.419605500000000120e+01
1.781002305000001797e+03 2.432214300000000051e+01
1.781025875999999698e+03 2.445766499999999866e+01
2.253750998999996227e+03 2.426654200000000117e+01
2.253729747999997926e+03 2.416280799999999829e+01
5.674958799999876646e+01 2.422163199999999961e+01
8.569398299999738811e+01 2.467224399999999918e+01
8.570967799999925774e+01 2.486175599999999974e+01
1.781024519999999029e+03 2.445501799999999903e+01
1.781001858999996330e+03 2.433035200000000131e+01
1.566783950000026380e+02 2.471437500000000043e+01
1.566999149999974179e+02 2.467871299999999835e+01
1.178671005999996851e+03 2.425837500000000091e+01
1.178652275000000373e+03 2.414893899999999860e+01
7.688904909999982920e+02 2.401406199999999913e+01
7.688701759999967180e+02 2.402889800000000164e+01
3.349745459999976447e+02 2.458302799999999877e+01
3.349594890000007581e+02 2.451967799999999897e+01
3.349773048000002746e+03 2.468559000000000125e+01
3.349799056999996537e+03 2.478540500000000080e+01
8.470294299999659415e+01 2.449305599999999927e+01
2.277659259000000020e+03 2.440066699999999855e+01
2.277679212000002735e+03 2.449910799999999966e+01
1.452916799999999057e+03 2.423066199999999881e+01
1.452902344000001904e+03 2.414522399999999891e+01
2.549906155999997281e+03 2.461083599999999905e+01
1.899696556000002602e+03 2.423700799999999944e+01
2.549893798999997671e+03 2.453318900000000014e+01
1.899678852999997616e+03 2.409263899999999836e+01
3.978898679999983869e+02 2.451464500000000157e+01
3.978756920000014361e+02 2.455944999999999823e+01
2.164957769000000553e+03 2.436200200000000038e+01
3.251022651999999653e+03 2.464083700000000121e+01
3.251035831000001053e+03 2.282646599999999992e+01
2.164973567000000912e+03 2.445022600000000068e+01
8.570878000000084285e+01 2.485761499999999913e+01
8.569488100000307895e+01 2.467692900000000122e+01
7.119419540000017150e+02 2.447187100000000015e+01
2.871024053000001004e+03 2.420243999999999929e+01
7.119626530000023195e+02 2.456546700000000172e+01
1.835855550000000221e+03 2.424437800000000109e+01
1.835869295999997121e+03 2.432452800000000082e+01
3.378630145000002813e+03 2.382354199999999977e+01
1.425971702000002551e+03 2.463236600000000109e+01
1.425982365999996546e+03 2.469945500000000038e+01
3.378650091999996221e+03 2.394293300000000002e+01
2.960774222000000009e+03 2.412472999999999956e+01
2.960786378999997396e+03 2.419718100000000049e+01
1.157741433000002871e+03 2.469547999999999988e+01
1.157729673000001640e+03 2.464039199999999852e+01
1.157720950000002631e+03 2.459506299999999968e+01
1.157704546000000846e+03 2.449851900000000171e+01
2.934847005999996327e+03 2.407035099999999872e+01
2.934861170999996830e+03 2.415244600000000119e+01
2.630697737000002235e+03 2.467259900000000172e+01
2.630676569999995991e+03 2.455015900000000073e+01
3.036665420999997878e+03 2.458811199999999886e+01
1.546649187000002712e+03 2.442340899999999948e+01
1.546663150000000314e+03 2.450791600000000159e+01
4.736629899999970803e+02 2.461627999999999972e+01
4.736822519999986980e+02 2.470154300000000092e+01
1.070947510999998485e+03 2.433431699999999864e+01
2.605770199999999022e+03 2.449664500000000089e+01
1.070966380999998364e+03 2.444263099999999866e+01
2.139028131999999459e+03 2.218231700000000117e+01
2.605753026999998838e+03 2.440342199999999906e+01
2.871023606000002474e+03 2.419076300000000046e+01
7.119437459999971907e+02 2.447176599999999880e+01
7.119644459999981336e+02 2.456810000000000116e+01
8.376439249999966705e+02 2.424380199999999874e+01
8.376322440000003553e+02 2.419838000000000022e+01
