0.000000000000000000e+00 2.277781299999999831e+01
2.431000000069616362e-02 2.269021100000000146e+01
5.985816000000340864e+00 2.377057699999999940e+01
6.871119999996153638e+00 2.369430600000000098e+01
6.885167000000365078e+00 2.367956600000000122e+01
2.682834700000239536e+01 2.213455799999999840e+01
2.684285000000090804e+01 2.224448299999999890e+01
2.692616100000304868e+01 2.260283899999999946e+01
2.694503799999802141e+01 2.245955999999999975e+01
2.699735499999951571e+01 2.259775499999999937e+01
2.702313500000309432e+01 2.251232900000000114e+01
3.083129200000257697e+01 2.438144600000000040e+01
3.084719899999618065e+01 2.429666599999999832e+01
3.177462899999954971e+01 2.337908399999999887e+01
3.179294200000003912e+01 2.352099300000000071e+01
5.003764399999636225e+01 2.156689599999999984e+01
5.003945199999725446e+01 2.159948699999999988e+01
5.004263599999831058e+01 2.146747900000000087e+01
5.089217900000221562e+01 2.192705899999999986e+01
5.089262800000142306e+01 2.191933200000000070e+01
5.494777900000190130e+01 2.108839700000000050e+01
5.674958799999876646e+01 2.422163199999999961e+01
6.071287299999676179e+01 2.372243800000000036e+01
6.071332000000256812e+01 2.371238800000000069e+01
6.073067799999989802e+01 2.400667999999999935e+01
6.073225300000194693e+01 2.407409699999999830e+01
6.869763399999646936e+01 2.287707699999999988e+01
6.869808200000261422e+01 2.291179899999999847e+01
7.074624500000209082e+01 2.397446300000000008e+01
7.076681000000098720e+01 2.417854699999999823e+01
7.567161299999861512e+01 2.140225600000000128e+01
7.567205899999680696e+01 2.139442000000000021e+01
7.567563499999960186e+01 2.140288299999999921e+01
7.570922299999801908e+01 2.156587499999999835e+01
7.571011999999609543e+01 2.157108799999999960e+01
7.571101600000110921e+01 2.168217800000000040e+01
7.571237200000177836e+01 2.168406900000000093e+01
7.666552999999839813e+01 2.160295599999999894e+01
7.666597599999658996e+01 2.161593299999999829e+01
7.666686800000024959e+01 2.151061999999999941e+01
7.666731399999844143e+01 2.150229300000000165e+01
8.180896899999788729e+01 2.228866899999999873e+01
8.182584800000040559e+01 2.226394799999999918e+01
8.385987600000225939e+01 2.319510100000000108e+01
8.470294299999659415e+01 2.449305599999999927e+01
8.569398299999738811e+01 2.467224399999999918e+01
8.569488100000307895e+01 2.467692900000000122e+01
8.570878000000084285e+01 2.485761499999999913e+01
8.570967799999925774e+01 2.486175599999999974e+01
9.085476599999674363e+01 2.363754199999999983e+01
9.087008799999603070e+01 2.356538700000000119e+01
9.866535000000294531e+01 2.459457300000000046e+01
9.868092199999955483e+01 2.445922600000000102e+01
9.960066799999913201e+01 2.177103599999999872e+01
9.961411999999836553e+01 2.185402799999999957e+01
9.962394900000072084e+01 2.346714100000000158e+01
9.964155300000129500e+01 2.335386899999999955e+01
1.016018209999965620e+02 2.117232800000000026e+01
1.046069019999995362e+02 2.202620200000000139e+01
1.046210040000005392e+02 2.267361800000000116e+01
1.137592349999977159e+02 2.431682500000000147e+01
1.176054250000015600e+02 2.145331900000000047e+01
1.176117119999980787e+02 2.157390300000000138e+01
1.176162150000018300e+02 2.161737199999999959e+01
1.176198040000017500e+02 2.173628799999999828e+01
1.207483179999981076e+02 2.370252599999999887e+01
1.207714049999995041e+02 2.371739099999999922e+01
1.216409980000025826e+02 2.459377500000000083e+01
1.216583580000005895e+02 2.434210200000000057e+01
1.366917329999996582e+02 2.190136899999999898e+01
1.457073509999972885e+02 2.444313199999999853e+01
1.457297170000019833e+02 2.431821300000000008e+01
1.497500000000000000e+02 2.387527400000000100e+01
1.497685039999996661e+02 2.358500199999999936e+01
1.517135560000024270e+02 2.346896299999999869e+01
1.566783950000026380e+02 2.471437500000000043e+01
1.566999149999974179e+02 2.467871299999999835e+01
3.160131160000019008e+02 2.144644399999999962e+01
3.170087260000000242e+02 2.108914000000000044e+01
3.170163210000027902e+02 2.107293200000000155e+01
3.179947990000000573e+02 2.156139200000000145e+01
3.179974759999968228e+02 2.163851899999999873e+01
3.289998189999969327e+02 2.457944099999999921e+01
3.290203140000012354e+02 2.462683300000000131e+01
3.309743129999988014e+02 2.367572699999999841e+01
3.309865680000002612e+02 2.377699700000000149e+01
3.309870159999991301e+02 2.373709699999999856e+01
3.309989139999961480e+02 2.381494599999999906e+01
3.310065469999972265e+02 2.389140199999999936e+01
3.310174770000012359e+02 2.382312999999999903e+01
3.339824149999985821e+02 2.362626500000000007e+01
3.339996899999969173e+02 2.372135000000000105e+01
3.349594890000007581e+02 2.451967799999999897e+01
3.349745459999976447e+02 2.458302799999999877e+01
3.389591399999990244e+02 2.343785899999999955e+01
3.389747900000002119e+02 2.357302299999999917e+01
3.429469709999975748e+02 2.245040499999999994e+01
3.439232269999993150e+02 2.245680199999999971e+01
3.439344419999979436e+02 2.255897999999999826e+01
3.439525419999990845e+02 2.285877500000000140e+01
3.439593660000027739e+02 2.275696599999999847e+01
3.459167809999999008e+02 2.125686299999999918e+01
3.459216959999976098e+02 2.138593900000000048e+01
3.459221420000030776e+02 2.139978800000000092e+01
3.459252730000007432e+02 2.133400400000000019e+01
3.459266139999963343e+02 2.132923699999999911e+01
3.469520409999968251e+02 2.245134099999999933e+01
3.469653639999960433e+02 2.242609300000000161e+01
3.479859470000010333e+02 2.260405799999999843e+01
3.480046089999959804e+02 2.267890399999999929e+01
3.509175420000028680e+02 2.159233000000000047e+01
3.559597119999962160e+02 2.444882399999999834e+01
3.559731029999966267e+02 2.437866899999999859e+01
3.580198220000020228e+02 2.366047000000000011e+01
3.580202720000015688e+02 2.367857599999999962e+01
3.608894500000023982e+02 2.428394799999999876e+01
3.609075379999994766e+02 2.430970599999999848e+01
3.958959719999984372e+02 2.319385499999999922e+01
3.978756920000014361e+02 2.455944999999999823e+01
3.978898679999983869e+02 2.451464500000000157e+01
3.988104650000022957e+02 2.334843499999999850e+01
3.988290259999994305e+02 2.349194599999999866e+01
3.998286389999993844e+02 2.405429300000000126e+01
3.998470880000022589e+02 2.423943699999999879e+01
4.017822880000021541e+02 2.141221699999999828e+01
4.110337319999962347e+02 2.300046499999999838e+01
4.110450449999989360e+02 2.294825399999999860e+01
4.177848709999962011e+02 2.338169999999999860e+01
4.177875619999977062e+02 2.337615999999999872e+01
4.197379149999978836e+02 2.336221300000000056e+01
4.197419519999966724e+02 2.343446099999999888e+01
4.197552789999972447e+02 2.326132000000000133e+01
4.197557279999964521e+02 2.330717599999999834e+01
4.227187720000001718e+02 2.334048200000000151e+01
4.247237279999972088e+02 2.389862300000000062e+01
4.247408609999984037e+02 2.371878200000000092e+01
4.247649699999965378e+02 2.400344199999999972e+01
4.247808739999964018e+02 2.396052500000000052e+01
4.277179719999985537e+02 2.409598300000000037e+01
4.277369869999965886e+02 2.406889999999999930e+01
4.317428989999971236e+02 2.265256400000000170e+01
4.317604280000014114e+02 2.267761499999999941e+01
4.317679629999984172e+02 2.257364499999999907e+01
4.317829019999990123e+02 2.243025199999999941e+01
4.368619059999982710e+02 2.158581699999999870e+01
4.378500560000029509e+02 2.253559500000000071e+01
4.378720370000010007e+02 2.247877300000000034e+01
4.388154539999959525e+02 2.280976400000000126e+01
4.388302320000002510e+02 2.298826299999999989e+01
4.406865879999968456e+02 2.419605500000000120e+01
4.407017540000015288e+02 2.435182999999999964e+01
4.457451520000031451e+02 2.403092300000000137e+01
4.537071439999999711e+02 2.311322200000000038e+01
4.566828880000030040e+02 2.383065300000000164e+01
4.567060179999971297e+02 2.372989700000000113e+01
4.586356139999988955e+02 2.275815899999999914e+01
4.586510199999975157e+02 2.281191199999999952e+01
4.607181970000019646e+02 2.147684200000000132e+01
4.656655709999977262e+02 2.144443199999999905e+01
4.656817749999972875e+02 2.133219499999999869e+01
4.736629899999970803e+02 2.461627999999999972e+01
4.736822519999986980e+02 2.470154300000000092e+01
4.766630640000003041e+02 2.303410399999999925e+01
4.796545790000018314e+02 2.462773200000000173e+01
4.796736670000027516e+02 2.469573099999999855e+01
4.927290389999980107e+02 2.190531000000000006e+01
4.927348940000010771e+02 2.184906600000000054e+01
4.927366919999985839e+02 2.182581599999999966e+01
5.116805049999966286e+02 2.454710100000000139e+01
5.116836750000002212e+02 2.459910599999999903e+01
5.117118970000010449e+02 2.447693599999999847e+01
5.117165119999990566e+02 2.445765400000000156e+01
5.196694419999985257e+02 2.178874499999999870e+01
5.196735170000029029e+02 2.181173700000000082e+01
5.227496259999970789e+02 2.144959899999999919e+01
6.750309809999962454e+02 2.173230300000000170e+01
6.939705860000030953e+02 2.372242800000000074e+01
6.939823140000007697e+02 2.378471299999999999e+01
6.979628299999967567e+02 2.299341400000000135e+01
6.979632760000022245e+02 2.302150100000000066e+01
6.979884020000026794e+02 2.318654099999999829e+01
6.979898109999994631e+02 2.323569000000000173e+01
6.980064550000024610e+02 2.361183400000000177e+01
6.980210619999998016e+02 2.366564500000000137e+01
7.009541150000004563e+02 2.118511799999999923e+01
7.009545599999983096e+02 2.119624599999999859e+01
7.009661960000012186e+02 2.124582600000000099e+01
7.009666429999997490e+02 2.124163799999999824e+01
7.009940359999964130e+02 2.134258600000000072e+01
7.009949330000017653e+02 2.134525000000000006e+01
7.009998730000006617e+02 2.135940400000000139e+01
7.040025289999975939e+02 2.242905400000000071e+01
7.040195170000006328e+02 2.248326799999999892e+01
7.119419540000017150e+02 2.447187100000000015e+01
7.119437459999971907e+02 2.447176599999999880e+01
7.119626530000023195e+02 2.456546700000000172e+01
7.119644459999981336e+02 2.456810000000000116e+01
7.139214629999987665e+02 2.276319399999999860e+01
7.139376499999998487e+02 2.281120699999999957e+01
7.238963159999984782e+02 2.311399300000000068e+01
7.239124979999978677e+02 2.319695600000000013e+01
7.389771489999984624e+02 2.410440099999999930e+01
7.389908199999990757e+02 2.411420899999999889e+01
7.418885399999999208e+02 2.431633400000000123e+01
7.419066329999986920e+02 2.437631999999999977e+01
7.428726489999971818e+02 2.322818699999999836e+01
7.448550640000030398e+02 2.291511799999999965e+01
7.688701759999967180e+02 2.402889800000000164e+01
7.688904909999982920e+02 2.401406199999999913e+01
7.708136890000023413e+02 2.430335600000000085e+01
7.708236269999979413e+02 2.433862799999999993e+01
7.727612769999977900e+02 2.333036600000000149e+01
7.727846070000014151e+02 2.345387600000000106e+01
7.777536180000024615e+02 2.354945400000000078e+01
7.777749659999972209e+02 2.365719299999999947e+01
7.787336060000016005e+02 2.401766399999999990e+01
7.787492280000005849e+02 2.411036199999999852e+01
7.827376720000029309e+02 2.371176799999999929e+01
7.827511389999999665e+02 2.379548099999999877e+01
7.837741039999964414e+02 2.143558099999999911e+01
7.848048049999997602e+02 2.223853199999999930e+01
7.848251279999967664e+02 2.230003100000000060e+01
7.848324690000008559e+02 2.232035700000000134e+01
7.848588149999995949e+02 2.238807699999999912e+01
7.857459269999962999e+02 2.135237800000000163e+01
7.857652379999999539e+02 2.141738099999999889e+01
7.867235300000029383e+02 2.210114799999999846e+01
7.867370050000026822e+02 2.217604199999999892e+01
7.867813850000020466e+02 2.236570899999999895e+01
7.868006569999997737e+02 2.242432900000000018e+01
7.929272310000014841e+02 2.141371200000000030e+01
7.929304160000028787e+02 2.140122600000000119e+01
7.947690189999993891e+02 2.369659300000000002e+01
7.947803960000019288e+02 2.370516999999999896e+01
7.957369069999986095e+02 2.353737699999999933e+01
7.957486890000000130e+02 2.358238100000000159e+01
8.016899629999970784e+02 2.293302999999999869e+01
8.026855890000006184e+02 2.274299299999999846e+01
8.057005750000025728e+02 2.350966899999999882e+01
8.057136570000002393e+02 2.356422200000000089e+01
8.106630389999991166e+02 2.347205599999999848e+01
8.106785279999967315e+02 2.355825000000000102e+01
8.116717159999971045e+02 2.353771400000000114e+01
8.116868519999989076e+02 2.361318999999999946e+01
8.198490190000011353e+02 2.196190800000000110e+01
8.198662029999977676e+02 2.193838600000000127e+01
8.206523240000024089e+02 2.215470099999999931e+01
8.206690450000023702e+02 2.218381099999999861e+01
8.246059160000004340e+02 2.133818499999999929e+01
8.276284069999965141e+02 2.406520700000000090e+01
8.276406359999964479e+02 2.412422400000000167e+01
8.346396979999990435e+02 2.349048799999999915e+01
8.376082459999961429e+02 2.168359799999999993e+01
8.376322440000003553e+02 2.419838000000000022e+01
8.376439249999966705e+02 2.424380199999999874e+01
8.387033010000013746e+02 2.455787400000000176e+01
8.387248840000029304e+02 2.457569200000000009e+01
8.476285730000017793e+02 2.183850699999999989e+01
8.476339559999978519e+02 2.184901699999999991e+01
8.476375449999977718e+02 2.185558500000000137e+01
8.526215299999967101e+02 2.165248100000000164e+01
8.526219790000031935e+02 2.163729599999999920e+01
8.746335719999988214e+02 2.125933799999999962e+01
8.746358630000031553e+02 2.125957199999999858e+01
8.746788759999981266e+02 2.139069800000000043e+01
8.746929890000028536e+02 2.137576800000000077e+01
8.757105389999996987e+02 2.235841900000000138e+01
8.757306349999998929e+02 2.230199899999999857e+01
9.056723780000029365e+02 2.140518499999999946e+01
9.116554469999973662e+02 2.191255100000000056e+01
1.041026348999999755e+03 2.155935799999999958e+01
1.044022148999996716e+03 2.351316900000000132e+01
1.045024876000003133e+03 2.428501599999999883e+01
1.045041456999999355e+03 2.187177900000000008e+01
1.050028912000001583e+03 2.166375899999999888e+01
1.050042379999998957e+03 2.170044800000000151e+01
1.053003401000001759e+03 2.169479600000000019e+01
1.067978085000002466e+03 2.434313300000000169e+01
1.067991561000002548e+03 2.439838800000000063e+01
1.070947510999998485e+03 2.433431699999999864e+01
1.070966380999998364e+03 2.444263099999999866e+01
1.072927261999997427e+03 2.410336600000000118e+01
1.072947325000001001e+03 2.421422000000000097e+01
1.077009943999997631e+03 2.418048999999999893e+01
1.077030115000001388e+03 2.422290800000000033e+01
1.077926483000002918e+03 2.347992100000000093e+01
1.077944834000001720e+03 2.357864299999999957e+01
1.077991778999996313e+03 2.376229000000000013e+01
1.078012634999999136e+03 2.381655800000000056e+01
1.080930284000001848e+03 2.173605200000000082e+01
1.080932071000002907e+03 2.174323899999999909e+01
1.081914176999998745e+03 2.161090099999999836e+01
1.081923606999996991e+03 2.165272999999999826e+01
1.082918740000000980e+03 2.178807000000000116e+01
1.084914665999996942e+03 2.174187999999999832e+01
1.084931304999998247e+03 2.180667800000000156e+01
1.084945738000002166e+03 2.185415800000000175e+01
1.102849753000002238e+03 2.337969400000000064e+01
1.102865032000001520e+03 2.346052999999999855e+01
1.103845321000000695e+03 2.416576299999999833e+01
1.103859521999998833e+03 2.424435100000000176e+01
1.103866734000002907e+03 2.428035699999999864e+01
1.103886287000001175e+03 2.436584300000000169e+01
1.104856005000001460e+03 2.346962100000000007e+01
1.104873064999999769e+03 2.355917000000000172e+01
1.110835721000003105e+03 2.303105199999999897e+01
1.110849839000002248e+03 2.312133299999999991e+01
1.110900494000001345e+03 2.339161999999999964e+01
1.110919263999996474e+03 2.348194200000000009e+01
1.121805730000000040e+03 2.361583999999999861e+01
1.121806176999998570e+03 2.359540799999999905e+01
1.121822427999999491e+03 2.368261199999999889e+01
1.121822876999998698e+03 2.366745600000000138e+01
1.126796773000001849e+03 2.291717399999999927e+01
1.126803952000002027e+03 2.296377800000000136e+01
1.136786575999998604e+03 2.276944599999999852e+01
1.136812685999997484e+03 2.292333999999999961e+01
1.139793422000002465e+03 2.278607999999999834e+01
1.139806475999997929e+03 2.283584899999999962e+01
1.140817137999998522e+03 2.193814300000000017e+01
1.148777327999996487e+03 2.303623899999999836e+01
1.148790303000001586e+03 2.305834799999999873e+01
1.148879591999997501e+03 2.313519399999999848e+01
1.148889556000001903e+03 2.313204199999999844e+01
1.149811896999999590e+03 2.370949200000000090e+01
1.152763707999998587e+03 2.433076600000000056e+01
1.152774690999998711e+03 2.436975599999999886e+01
1.154720668000001751e+03 2.319556000000000040e+01
1.154746029000001727e+03 2.331581100000000006e+01
1.155730705000001763e+03 2.311373999999999995e+01
1.155757175999999163e+03 2.325775199999999998e+01
1.157704546000000846e+03 2.449851900000000171e+01
1.157720950000002631e+03 2.459506299999999968e+01
1.157729225000002771e+03 2.468469800000000092e+01
1.157729673000001640e+03 2.464039199999999852e+01
1.157741433000002871e+03 2.469547999999999988e+01
1.157741881000001740e+03 2.473992300000000100e+01
1.164679211000002397e+03 2.311898000000000053e+01
1.164707241999996768e+03 2.328336300000000136e+01
1.166674381999997422e+03 2.265465199999999868e+01
1.166691988999999012e+03 2.275495199999999940e+01
1.168677868999999191e+03 2.208419400000000010e+01
1.168678314999997383e+03 2.207943799999999968e+01
1.168691812999997637e+03 2.215786599999999851e+01
1.168692260999996506e+03 2.216358999999999924e+01
1.176652808999999252e+03 2.373830500000000043e+01
1.176684027999996033e+03 2.318058500000000066e+01
1.176701171000000613e+03 2.319671400000000006e+01
1.176727797999999893e+03 2.321244099999999833e+01
1.177696013000000676e+03 2.417557800000000157e+01
1.177714975000002596e+03 2.407288899999999998e+01
1.178652275000000373e+03 2.414893899999999860e+01
1.178671005999996851e+03 2.425837500000000091e+01
1.180648948000001837e+03 2.432917199999999980e+01
1.180659377999996650e+03 2.438647800000000032e+01
1.185619221000000834e+03 2.426057199999999980e+01
1.185635852999999770e+03 2.436595600000000061e+01
1.188609508000001370e+03 2.125568499999999972e+01
1.188617555999997421e+03 2.144290600000000069e+01
1.190644882000000507e+03 2.282652600000000120e+01
1.197618942000000970e+03 2.111533500000000174e+01
1.197619388999999501e+03 2.108596299999999957e+01
1.197625208999997994e+03 2.113628599999999835e+01
1.197625655999996525e+03 2.110831500000000105e+01
1.197626104000002670e+03 2.113916199999999890e+01
1.197638215999999375e+03 2.114874199999999860e+01
1.197638663999998244e+03 2.117653599999999869e+01
1.217607554000001983e+03 2.138106200000000001e+01
1.222698750999996264e+03 2.449676699999999840e+01
1.222728574000000663e+03 2.448669999999999902e+01
1.257637749000001349e+03 2.154316599999999937e+01
1.257645156999999017e+03 2.153281499999999937e+01
1.259743893999999273e+03 2.209233499999999850e+01
1.271675213000002259e+03 2.419225499999999940e+01
1.271695746999997937e+03 2.409334499999999935e+01
1.404031190000001516e+03 2.181928800000000024e+01
1.416034264000001713e+03 2.196131700000000109e+01
1.416034712000000582e+03 2.198963799999999935e+01
1.423993153000003076e+03 2.329006299999999996e+01
1.424044764999998733e+03 2.177364299999999986e+01
1.425041147999996610e+03 2.183691400000000016e+01
1.425044735999996192e+03 2.184465399999999846e+01
1.425971702000002551e+03 2.463236600000000109e+01
1.425982365999996546e+03 2.469945500000000038e+01
1.429046059000000241e+03 2.194451799999999864e+01
1.430031861000003119e+03 2.444253300000000095e+01
1.430950031000000308e+03 2.398220299999999838e+01
1.430965561999997590e+03 2.406738000000000000e+01
1.431982177999998385e+03 2.431922600000000045e+01
1.431996277999998711e+03 2.438114799999999960e+01
1.432000324000000546e+03 2.439730300000000085e+01
1.432017676999996183e+03 2.445891800000000060e+01
1.436943697000002430e+03 2.109263299999999930e+01
1.436946378000000550e+03 2.110475200000000129e+01
1.437939091000000190e+03 2.126551800000000014e+01
1.437944450000002689e+03 2.128988800000000126e+01
1.437960998000002292e+03 2.135692500000000038e+01
1.437980707000002440e+03 2.142259100000000061e+01
1.438944086000003153e+03 2.157669999999999888e+01
1.438984909999999218e+03 2.171894999999999953e+01
1.443911634999996750e+03 2.210698899999999867e+01
1.443925189000001410e+03 2.218194499999999891e+01
1.451939312000002246e+03 2.277367500000000078e+01
1.452902344000001904e+03 2.414522399999999891e+01
1.452916799999999057e+03 2.423066199999999881e+01
1.454893230000001495e+03 2.385357199999999978e+01
1.454911159000002954e+03 2.395364899999999864e+01
1.459876514999996289e+03 2.417049099999999839e+01
1.459876962000002095e+03 2.415925500000000170e+01
1.459894211999999243e+03 2.426148900000000097e+01
1.459894662999999127e+03 2.425518299999999883e+01
1.464937317999996594e+03 2.295300500000000099e+01
1.464956653000001097e+03 2.303962999999999894e+01
1.465864277000000584e+03 2.258291799999999938e+01
1.465882413999999699e+03 2.269373500000000021e+01
1.496819760999998834e+03 2.135350599999999943e+01
1.497859578999996302e+03 2.167259900000000172e+01
1.503001728999995976e+03 2.242226900000000001e+01
1.503023614999998244e+03 2.235953100000000049e+01
1.503799930000001041e+03 2.269709900000000147e+01
1.503801274999997986e+03 2.276511299999999949e+01
1.503816249999996217e+03 2.273956300000000041e+01
1.503816699000002700e+03 2.279810799999999915e+01
1.503984951999998884e+03 2.279418099999999825e+01
1.503985401999998430e+03 2.279570800000000119e+01
1.504002462999997078e+03 2.274547000000000097e+01
1.510751341000002867e+03 2.299987899999999996e+01
1.511746133000000555e+03 2.311411199999999866e+01
1.513755434999999125e+03 2.372883799999999965e+01
1.513770730999996886e+03 2.379758700000000005e+01
1.515738174999998591e+03 2.382612800000000064e+01
1.515750780000002123e+03 2.389068400000000025e+01
1.519703724999999395e+03 2.305948199999999915e+01
1.519719636000001628e+03 2.315586199999999906e+01
1.520708480000001146e+03 2.258605899999999878e+01
1.520717508000001544e+03 2.258226300000000109e+01
1.520719300999997358e+03 2.264587999999999823e+01
1.520728434999997262e+03 2.264467700000000150e+01
1.520735785999997461e+03 2.268379499999999993e+01
1.520747437999998510e+03 2.274134400000000156e+01
1.521707783999998355e+03 2.144169799999999881e+01
1.524779199999997218e+03 2.106284499999999937e+01
1.524799122999997053e+03 2.109550300000000078e+01
1.524809538000001339e+03 2.110860699999999923e+01
1.525806593000001158e+03 2.106337399999999960e+01
1.525808000999997603e+03 2.106491899999999973e+01
1.525816203000002133e+03 2.107320400000000049e+01
1.533968178000002808e+03 2.297072800000000115e+01
1.533987204999997630e+03 2.286883500000000069e+01
1.535781869999998889e+03 2.326704499999999953e+01
1.535794126000000688e+03 2.327868199999999987e+01
1.536665519000001950e+03 2.400173699999999855e+01
1.536682061999999860e+03 2.408789200000000008e+01
1.539658247999999730e+03 2.424367200000000011e+01
1.539675446000001102e+03 2.435079400000000049e+01
1.542653902999998536e+03 2.411120899999999878e+01
1.542668831000002683e+03 2.419494600000000162e+01
1.543658655999999610e+03 2.303298900000000060e+01
1.544653301999998803e+03 2.409980699999999842e+01
1.544671394999997574e+03 2.418756700000000137e+01
1.546627848999996786e+03 2.435181100000000143e+01
1.546641582999996899e+03 2.444177600000000083e+01
1.546649187000002712e+03 2.442340899999999948e+01
1.546663150000000314e+03 2.450791600000000159e+01
1.557689964999997756e+03 2.182748099999999880e+01
1.558607597000001988e+03 2.173667000000000016e+01
1.558623902999999700e+03 2.203333800000000053e+01
1.558635604000002786e+03 2.205305800000000005e+01
1.558648627000002307e+03 2.207531799999999933e+01
1.558699536000000080e+03 2.216133900000000168e+01
1.558722304000002623e+03 2.218844999999999956e+01
1.584631162999998196e+03 2.170471600000000123e+01
1.584636683999997331e+03 2.171218400000000059e+01
1.584645312000000558e+03 2.172835399999999950e+01
1.584646682999999030e+03 2.172388000000000119e+01
1.584648504999997385e+03 2.172576199999999957e+01
1.584659998000002815e+03 2.174257499999999865e+01
1.584661908000001858e+03 2.173728200000000044e+01
1.600688075999998546e+03 2.392524600000000135e+01
1.600710520000000542e+03 2.388395399999999924e+01
1.603750070000001870e+03 2.373993899999999968e+01
1.603780679999996210e+03 2.361022900000000035e+01
1.632657717000001867e+03 2.388706499999999977e+01
1.632680094000003010e+03 2.380818599999999918e+01
1.767026808000002347e+03 2.157813900000000018e+01
1.771040067000001727e+03 2.228586999999999918e+01
1.780017822000001615e+03 2.439674400000000176e+01
1.781001858999996330e+03 2.433035200000000131e+01
1.781002305000001797e+03 2.432214300000000051e+01
1.781024519999999029e+03 2.445501799999999903e+01
1.781025875999999698e+03 2.445766499999999866e+01
1.782019480000002659e+03 2.344393900000000031e+01
1.783024992999999085e+03 2.348322999999999894e+01
1.788001343999996607e+03 2.422318999999999889e+01
1.788018824999999197e+03 2.430348700000000051e+01
1.788964100999997754e+03 2.352311299999999861e+01
1.788980655999999726e+03 2.361614199999999997e+01
1.791977203000002191e+03 2.247302600000000083e+01
1.791994762000002083e+03 2.261797800000000080e+01
1.792002426999999443e+03 2.268935799999999858e+01
1.792020187000001897e+03 2.280619099999999833e+01
1.798018726000002061e+03 2.235386000000000095e+01
1.798031786999999895e+03 2.239346400000000159e+01
1.798032683999997971e+03 2.238939299999999832e+01
1.798045400000002701e+03 2.199260900000000163e+01
1.803036660999998276e+03 2.358873399999999876e+01
1.804011934000001929e+03 2.314007399999999848e+01
1.804033477999997558e+03 2.318474600000000052e+01
1.805944993999997678e+03 2.309566799999999986e+01
1.806959577000001445e+03 2.299294099999999830e+01
1.811940920000000915e+03 2.436616799999999827e+01
1.811960414000001037e+03 2.445442600000000155e+01
1.817927317000001494e+03 2.344924999999999926e+01
1.817940289999998640e+03 2.367339799999999883e+01
1.818912041999996291e+03 2.284805000000000064e+01
1.818931709999997111e+03 2.298143800000000070e+01
1.835855550000000221e+03 2.424437800000000109e+01
1.835869295999997121e+03 2.432452800000000082e+01
1.836966632999996364e+03 2.427416499999999999e+01
1.836982468000001973e+03 2.428912300000000002e+01
1.837856359999997949e+03 2.305478000000000094e+01
1.837858150000000023e+03 2.300932699999999897e+01
1.839839531999998144e+03 2.438821899999999943e+01
1.839857525999999780e+03 2.449007200000000140e+01
1.840844727999996394e+03 2.386371499999999912e+01
1.840861427999996522e+03 2.395034499999999866e+01
1.840871712000000116e+03 2.399700100000000091e+01
1.840893820999997843e+03 2.408168399999999920e+01
1.849871863000000303e+03 2.197167100000000062e+01
1.849872311999999511e+03 2.195030600000000121e+01
1.849875448999999207e+03 2.197930799999999962e+01
1.859049807000003057e+03 2.291674499999999881e+01
1.859894814999999653e+03 2.358410900000000154e+01
1.859913410000001022e+03 2.359768800000000155e+01
1.861780311000002257e+03 2.385533200000000065e+01
1.861795470999997633e+03 2.394015999999999877e+01
1.861811883000002126e+03 2.401891200000000026e+01
1.861828221999996458e+03 2.408517700000000161e+01
1.862787033000000520e+03 2.339847500000000124e+01
1.862787479999999050e+03 2.344450700000000154e+01
1.862803001000000222e+03 2.347751399999999933e+01
1.862803448999999091e+03 2.351913800000000165e+01
1.867797503000001598e+03 2.403288600000000130e+01
1.867817798999996739e+03 2.411179500000000075e+01
1.874751613000000361e+03 2.174921300000000102e+01
1.874761513999997987e+03 2.178938600000000037e+01
1.874768594000001031e+03 2.181442799999999949e+01
1.874775148000000627e+03 2.421441700000000097e+01
1.874788738999995985e+03 2.428726699999999994e+01
1.875753132999998343e+03 2.265480499999999964e+01
1.875767377999996825e+03 2.273160199999999875e+01
1.876743584999996528e+03 2.209235800000000083e+01
1.876762380000000121e+03 2.219389200000000173e+01
1.877762931999997818e+03 2.248695899999999881e+01
1.877779626000003191e+03 2.255618199999999973e+01
1.886922643999998400e+03 2.328917600000000121e+01
1.887720909999996366e+03 2.316189400000000020e+01
1.887741592999998829e+03 2.330683700000000158e+01
1.887752984999999171e+03 2.333652199999999866e+01
1.887777575000000070e+03 2.336456300000000041e+01
1.893676025000000664e+03 2.408874199999999988e+01
1.893690146000000823e+03 2.417212400000000017e+01
1.893708057999996527e+03 2.425481600000000171e+01
1.893724752000001899e+03 2.432999699999999876e+01
1.895694727000001876e+03 2.296619400000000155e+01
1.895700736999999208e+03 2.300936099999999840e+01
1.895714619999998831e+03 2.309752699999999948e+01
1.896703406000000541e+03 2.296806600000000032e+01
1.899678852999997616e+03 2.409263899999999836e+01
1.899696556000002602e+03 2.423700799999999944e+01
1.900680879999999888e+03 2.405184500000000014e+01
1.900696633999999904e+03 2.414147600000000082e+01
1.901683834999996179e+03 2.391492600000000124e+01
1.901698062999996182e+03 2.399367200000000011e+01
1.902664784000000509e+03 2.154939900000000108e+01
1.902669777000002796e+03 2.157262100000000160e+01
1.902677465000000666e+03 2.160604000000000013e+01
1.903660186000000976e+03 2.165175100000000086e+01
1.903665529999998398e+03 2.167706300000000041e+01
1.904687993999999890e+03 2.183405499999999932e+01
1.905680527999997139e+03 2.146804099999999949e+01
1.926652215000001888e+03 2.354661300000000068e+01
1.926668847000000824e+03 2.359401199999999932e+01
1.933612395999996806e+03 2.211513000000000062e+01
1.933625897999998415e+03 2.289239099999999993e+01
1.987752234999999928e+03 2.305968800000000130e+01
1.988666964999996708e+03 2.401056900000000027e+01
1.988681736999998975e+03 2.397433099999999939e+01
2.139028131999999459e+03 2.218231700000000117e+01
2.140042477000002691e+03 2.161278700000000086e+01
2.140044271999999182e+03 2.164647499999999880e+01
2.145014747000001080e+03 2.306102999999999881e+01
2.145027833000000101e+03 2.312675799999999882e+01
2.146997759999998379e+03 2.162740600000000057e+01
2.153050633999999263e+03 2.224229700000000065e+01
2.158960987999998906e+03 2.412581300000000084e+01
2.158976996999997937e+03 2.420923600000000064e+01
2.158992902999998478e+03 2.427999600000000058e+01
2.159010500999997021e+03 2.434655199999999908e+01
2.159045363999997790e+03 2.200479699999999994e+01
2.159991306999996596e+03 2.296600400000000164e+01
2.160970811999999569e+03 2.298195799999999878e+01
2.163005081000002974e+03 2.345748599999999939e+01
2.163024299999997311e+03 2.351857199999999892e+01
2.164957769000000553e+03 2.436200200000000038e+01
2.164973567000000912e+03 2.445022600000000068e+01
2.167971056000002136e+03 2.379610800000000026e+01
2.167985096999997040e+03 2.385422900000000013e+01
2.168945312999996531e+03 2.420937100000000086e+01
2.168963623999996344e+03 2.430464999999999876e+01
2.169009702999996080e+03 2.447760900000000106e+01
2.169023621000000276e+03 2.451352199999999826e+01
2.174949529999998049e+03 2.140913400000000166e+01
2.174953577000000223e+03 2.142119699999999938e+01
2.175920709999998508e+03 2.194989800000000102e+01
2.175936556000000564e+03 2.205137799999999970e+01
2.177016049999998359e+03 2.171965600000000052e+01
2.177924597999997786e+03 2.158578400000000030e+01
2.177926384999998845e+03 2.159311500000000095e+01
2.185894824000002700e+03 2.373479599999999934e+01
2.185911761999996088e+03 2.380877100000000013e+01
2.185921659999999974e+03 2.384821200000000019e+01
2.185922108999999182e+03 2.391095100000000073e+01
2.185934804999997141e+03 2.395072899999999905e+01
2.185936607999996340e+03 2.390238099999999832e+01
2.185996731999999611e+03 2.405249600000000143e+01
2.186018335000000661e+03 2.407951299999999861e+01
2.187872231000001193e+03 2.371446299999999852e+01
2.187887996999997995e+03 2.378065799999999896e+01
2.187899271000002045e+03 2.387012700000000009e+01
2.187913551999998163e+03 2.390339900000000029e+01
2.195864875999999640e+03 2.364389900000000111e+01
2.195878368999998202e+03 2.371867800000000059e+01
2.204856208999997762e+03 2.186124999999999829e+01
2.204875625000000582e+03 2.195821099999999859e+01
2.205841867000002821e+03 2.188512400000000113e+01
2.205842314000001352e+03 2.188456400000000102e+01
2.205857236999996530e+03 2.196387199999999851e+01
2.205857686000003014e+03 2.196724400000000088e+01
2.220804070999998657e+03 2.293424800000000019e+01
2.220804518999997526e+03 2.292659099999999839e+01
2.227801749999998719e+03 2.359378699999999895e+01
2.227817494000002625e+03 2.369433700000000087e+01
2.241902399999999034e+03 2.326628699999999839e+01
2.241923133999996935e+03 2.325250499999999931e+01
2.241964817000000039e+03 2.318793799999999905e+01
2.241986232999995991e+03 2.313385800000000003e+01
2.241987596999999369e+03 2.312991900000000101e+01
2.242004178000002867e+03 2.307646199999999936e+01
2.242799005000000761e+03 2.378042900000000159e+01
2.242814789999996719e+03 2.379139500000000140e+01
2.242832232000000658e+03 2.382829999999999870e+01
2.242832682000000204e+03 2.379956200000000166e+01
2.242852016999997431e+03 2.380628400000000156e+01
2.242853867999998329e+03 2.382984799999999836e+01
2.251732564999998431e+03 2.405000199999999921e+01
2.251745163999999932e+03 2.410894400000000104e+01
2.253729747999997926e+03 2.416280799999999829e+01
2.253750998999996227e+03 2.426654200000000117e+01
2.255704223000000638e+03 2.361715099999999978e+01
2.255704668999998830e+03 2.360569100000000020e+01
2.255723301999998512e+03 2.371841399999999922e+01
2.255723751999998058e+03 2.373028599999999955e+01
2.257696327999998175e+03 2.118463900000000066e+01
2.257700805000000400e+03 2.120473600000000047e+01
2.258692312999999558e+03 2.135344500000000068e+01
2.258696846999999252e+03 2.137407200000000174e+01
2.260759982999996282e+03 2.114142000000000010e+01
2.267664392999999109e+03 2.146840200000000110e+01
2.267738057000002300e+03 2.171296699999999902e+01
2.267750182999996468e+03 2.173631599999999864e+01
2.267752875999998651e+03 2.174096600000000024e+01
2.269773800000002666e+03 2.316824499999999887e+01
2.269790262000002258e+03 2.317262099999999947e+01
2.269798755999996501e+03 2.317342800000000125e+01
2.269817397999999230e+03 2.316994899999999902e+01
2.269848910000000615e+03 2.314567999999999870e+01
2.269865209999996296e+03 2.312279900000000055e+01
2.270865484000001743e+03 2.332149799999999829e+01
2.270887610999998287e+03 2.327255500000000055e+01
2.272716255999999703e+03 2.452072599999999980e+01
2.272735699999997451e+03 2.457055499999999881e+01
2.277659259000000020e+03 2.440066699999999855e+01
2.277679212000002735e+03 2.449910799999999966e+01
2.279645577000002959e+03 2.288772000000000162e+01
2.282683088999998290e+03 2.322763199999999983e+01
2.282683536999997159e+03 2.326870999999999867e+01
2.289604193999999552e+03 2.198128900000000030e+01
2.289623348000000988e+03 2.247938500000000062e+01
2.290605907999997726e+03 2.111897899999999950e+01
2.290608179000002565e+03 2.112932899999999847e+01
2.294603263999997580e+03 2.142479600000000062e+01
2.294609999000000244e+03 2.145223599999999919e+01
2.294628872000001138e+03 2.166792200000000079e+01
2.294663384999999835e+03 2.175901199999999847e+01
2.296612943000000087e+03 2.188845799999999997e+01
2.296613390999998956e+03 2.186433800000000005e+01
2.296628986999996414e+03 2.231011300000000119e+01
2.296629435000002559e+03 2.235273700000000119e+01
2.296686580000001413e+03 2.234655199999999908e+01
2.296687030000000959e+03 2.237424199999999885e+01
2.296710667999999714e+03 2.235990599999999873e+01
2.296711117999999260e+03 2.238107899999999972e+01
2.311641526999999769e+03 2.381122200000000078e+01
2.311664910999999847e+03 2.383060000000000045e+01
2.321615532999996503e+03 2.199832200000000171e+01
2.321629195000001346e+03 2.201324100000000072e+01
2.321634185000002617e+03 2.226330199999999948e+01
2.321651233999997203e+03 2.227874299999999863e+01
2.329698667999997269e+03 2.473238999999999876e+01
2.329717709999997169e+03 2.440227199999999996e+01
2.335781712999996671e+03 2.313043499999999852e+01
2.335803756000001158e+03 2.300395500000000126e+01
2.338690275000000838e+03 2.326357000000000141e+01
2.342664692999998806e+03 2.311418099999999853e+01
2.358681724000001850e+03 2.368043099999999868e+01
2.358699617999998736e+03 2.334442599999999857e+01
2.358731648000000860e+03 2.302643300000000082e+01
2.361673592999999528e+03 2.434358699999999942e+01
2.361688256000001275e+03 2.428629099999999852e+01
2.361720524999996996e+03 2.412542900000000046e+01
2.377688905000002705e+03 2.249602099999999893e+01
2.382669571999998880e+03 2.130907099999999943e+01
2.501030686999998579e+03 2.218748899999999935e+01
2.504021594999998342e+03 2.139022500000000093e+01
2.504026955000001180e+03 2.126568999999999932e+01
2.505022365999997419e+03 2.220378699999999839e+01
2.505043760000000475e+03 2.178782100000000099e+01
2.507022109999998065e+03 2.157622800000000041e+01
2.507040429000000586e+03 2.149759099999999989e+01
2.507041325999998662e+03 2.150067100000000053e+01
2.523979983999997785e+03 2.364949000000000012e+01
2.523997357000000193e+03 2.373271000000000086e+01
2.527944272000000637e+03 2.357721599999999995e+01
2.527957876000000397e+03 2.368960799999999978e+01
2.527973157000000356e+03 2.376919600000000088e+01
2.527973603999998886e+03 2.372889699999999991e+01
2.527991885999996157e+03 2.385105700000000084e+01
2.527992334000002302e+03 2.381593499999999963e+01
2.539962911000002350e+03 2.396947499999999920e+01
2.539982081000001926e+03 2.403720200000000062e+01
2.544905443999996351e+03 2.327467800000000153e+01
2.544910818999996991e+03 2.329740100000000069e+01
2.544926085999999486e+03 2.341185799999999873e+01
2.544926981999997224e+03 2.341711300000000051e+01
2.544927879000002577e+03 2.341285900000000098e+01
2.545947000000000116e+03 2.355822399999999917e+01
2.547004894999998214e+03 2.440464700000000065e+01
2.547023535000000265e+03 2.443203000000000102e+01
2.547899920999996539e+03 2.436564500000000066e+01
2.547916885999999067e+03 2.446145900000000140e+01
2.548933021999997436e+03 2.448975199999999930e+01
2.548948505000000296e+03 2.455123299999999986e+01
2.549893798999997671e+03 2.453318900000000014e+01
2.549906155999997281e+03 2.461083599999999905e+01
2.553894266999996034e+03 2.355701499999999982e+01
2.553915161999997508e+03 2.365916899999999856e+01
2.562914698000000499e+03 2.186130100000000098e+01
2.579913360999998986e+03 2.380033600000000149e+01
2.579934768999999505e+03 2.383134599999999992e+01
2.581808086999997613e+03 2.424285300000000021e+01
2.581828224999997474e+03 2.435383500000000012e+01
2.581838147000002209e+03 2.440101200000000148e+01
2.581849923000001581e+03 2.445114500000000035e+01
2.582888662999997905e+03 2.381912900000000022e+01
2.582911553999998432e+03 2.386433800000000005e+01
2.584810852000002342e+03 2.328055700000000172e+01
2.584825232999995933e+03 2.338162600000000069e+01
2.585862046000002010e+03 2.264526400000000095e+01
2.585881344000001263e+03 2.274066799999999944e+01
2.587855061000002024e+03 2.267396099999999848e+01
2.587873461000002862e+03 2.273517299999999963e+01
2.588849400999999489e+03 2.234796100000000152e+01
2.588849849999998696e+03 2.234413999999999945e+01
2.588872554000001401e+03 2.240841999999999956e+01
2.588873905000000377e+03 2.241599599999999981e+01
2.589832636999999522e+03 2.181657600000000130e+01
2.589833981999996467e+03 2.179408300000000054e+01
2.589835328000001027e+03 2.182305399999999906e+01
2.589842500999999174e+03 2.183929300000000140e+01
2.589843396999996912e+03 2.184121999999999986e+01
2.589843845999996120e+03 2.181971499999999864e+01
2.595938502999997581e+03 2.339683700000000144e+01
2.595955543999996735e+03 2.338605300000000042e+01
2.595969753999997920e+03 2.337036099999999905e+01
2.595990266000000702e+03 2.333681999999999945e+01
2.600756609999996726e+03 2.413905300000000054e+01
2.600773466999999073e+03 2.423303100000000043e+01
2.601758089000002656e+03 2.425790699999999944e+01
2.601778770999997505e+03 2.436663400000000124e+01
2.602777786999999080e+03 2.303716899999999868e+01
2.603795336000002862e+03 2.335437500000000099e+01
2.605731120999997074e+03 2.433302700000000129e+01
2.605748956999996153e+03 2.444004599999999883e+01
2.605753026999998838e+03 2.440342199999999906e+01
2.605770199999999022e+03 2.449664500000000089e+01
2.606750227999997151e+03 2.373113000000000028e+01
2.606768444000001182e+03 2.381228700000000131e+01
2.607765318999998271e+03 2.357202699999999851e+01
2.607783070999998017e+03 2.363700599999999952e+01
2.609759515999998257e+03 2.347687399999999869e+01
2.609778292000002693e+03 2.355429300000000126e+01
2.612751720000000205e+03 2.182512600000000091e+01
2.621882621999997355e+03 2.163766100000000137e+01
2.626686415999996825e+03 2.401742600000000039e+01
2.626703179999996792e+03 2.411022300000000129e+01
2.627691539999999804e+03 2.420324600000000004e+01
2.627711147000001802e+03 2.430245899999999892e+01
2.630676569999995991e+03 2.455015900000000073e+01
2.630697737000002235e+03 2.467259900000000172e+01
2.632733821000001626e+03 2.314286500000000046e+01
2.632734269000000495e+03 2.311077200000000076e+01
2.632736063999996986e+03 2.311742399999999975e+01
2.633692166000000725e+03 2.413272299999999859e+01
2.633705771000000823e+03 2.418928400000000067e+01
2.634662604999997711e+03 2.293245699999999943e+01
2.634681760999999824e+03 2.305663499999999999e+01
2.635652063000001363e+03 2.354476800000000125e+01
2.635661928000001353e+03 2.359878399999999843e+01
2.637656084000002011e+03 2.423273500000000169e+01
2.637668739000000642e+03 2.430912700000000015e+01
2.643634764000002178e+03 2.145532899999999898e+01
2.643644162999997206e+03 2.149863600000000119e+01
2.648622277000002214e+03 2.125818200000000147e+01
2.648779188000000431e+03 2.156902300000000139e+01
2.648782819000000018e+03 2.156902499999999989e+01
2.648787781999999424e+03 2.156857600000000019e+01
2.649619804000001750e+03 2.145195599999999914e+01
2.649620249999999942e+03 2.146279499999999985e+01
2.649650282000002335e+03 2.157604800000000012e+01
2.650645298000003095e+03 2.159265800000000013e+01
2.650648443999998563e+03 2.160566899999999890e+01
2.653614562000002479e+03 2.159723999999999933e+01
2.656607971999997972e+03 2.199526200000000031e+01
2.657602476000000024e+03 2.176458900000000085e+01
2.657615638000002946e+03 2.180581499999999906e+01
2.658662456999998540e+03 2.313867799999999875e+01
2.658685523000000103e+03 2.319020599999999988e+01
2.665786682999998447e+03 2.316851099999999875e+01
2.665800416999998561e+03 2.314318199999999948e+01
2.665807232999999542e+03 2.312825199999999981e+01
2.665818676000002597e+03 2.309018500000000174e+01
2.665820032999996329e+03 2.309586399999999884e+01
2.666765589000002365e+03 2.312899499999999975e+01
2.666766945000003034e+03 2.313142099999999957e+01
2.666783115999998699e+03 2.311025400000000118e+01
2.675635168000000704e+03 2.228340899999999891e+01
2.675651380000002973e+03 2.231286499999999862e+01
2.678741751000001386e+03 2.166287000000000162e+01
2.679645092999999179e+03 2.207111099999999837e+01
2.679646455000001879e+03 2.206082400000000021e+01
2.679663241000002017e+03 2.205643500000000046e+01
2.679664182000000437e+03 2.206467999999999918e+01
2.717641574000001128e+03 2.220052799999999849e+01
2.717730155999997805e+03 2.420976800000000040e+01
2.717744611000001896e+03 2.412497000000000114e+01
2.738697339999998803e+03 2.139070900000000108e+01
2.871023606000002474e+03 2.419076300000000046e+01
2.871024053000001004e+03 2.420243999999999929e+01
2.881041641999996500e+03 2.226133199999999945e+01
2.881046127000001434e+03 2.226940400000000153e+01
2.883971709999997984e+03 2.177268600000000021e+01
2.883981732000000193e+03 2.177776199999999918e+01
2.883983520000001590e+03 2.178544000000000125e+01
2.883988029000000097e+03 2.184028800000000103e+01
2.884039092999999411e+03 2.228120399999999890e+01
2.884966940999998769e+03 2.178737699999999933e+01
2.884968725999999151e+03 2.179552699999999987e+01
2.884976769000000786e+03 2.183039899999999989e+01
2.890967566999999690e+03 2.225807700000000011e+01
2.890981819000000542e+03 2.233026299999999864e+01
2.894973945999998250e+03 2.322747800000000140e+01
2.894997752000002947e+03 2.331173199999999923e+01
2.896953272999999172e+03 2.372182600000000008e+01
2.896972068000002764e+03 2.381749100000000041e+01
2.896981091000001470e+03 2.386294900000000041e+01
2.896998135000001639e+03 2.392279600000000173e+01
2.898996314999996684e+03 2.285103099999999898e+01
2.898997212000002037e+03 2.285520100000000099e+01
2.902953947000001790e+03 2.383189300000000088e+01
2.902969937000001664e+03 2.389637400000000156e+01
2.914904591999998956e+03 2.119572499999999948e+01
2.917994168999997783e+03 2.215800899999999984e+01
2.918013947999999800e+03 2.219089100000000059e+01
2.921940640000000712e+03 2.314189000000000007e+01
2.921960404999997991e+03 2.319562099999999916e+01
2.922928350000001956e+03 2.353380800000000050e+01
2.922949739999996382e+03 2.358829400000000120e+01
2.924982006999998703e+03 2.396890900000000002e+01
2.925004569999997329e+03 2.397910399999999953e+01
2.928867249000002630e+03 2.402982199999999935e+01
2.928880789000002551e+03 2.410014899999999827e+01
2.928900657999998657e+03 2.418758199999999903e+01
2.928917793000000529e+03 2.424850800000000106e+01
2.931879490999999689e+03 2.317107700000000037e+01
2.931894034999997530e+03 2.323115400000000008e+01
2.933833492999998271e+03 2.332811500000000038e+01
2.933851413999997021e+03 2.343037899999999851e+01
2.933893908999998530e+03 2.357800699999999949e+01
2.933909911000002467e+03 2.363033199999999923e+01
2.934847005999996327e+03 2.407035099999999872e+01
2.934849691000003077e+03 2.413580100000000073e+01
2.934861170999996830e+03 2.415244600000000119e+01
2.934866726000000199e+03 2.422476299999999938e+01
2.952803307000001951e+03 2.430341299999999904e+01
2.952825335000001360e+03 2.430499299999999963e+01
2.957996377000003122e+03 2.314380200000000087e+01
2.958932638999998744e+03 2.343533299999999997e+01
2.960774222000000009e+03 2.412472999999999956e+01
2.960786378999997396e+03 2.419718100000000049e+01
2.963749928999997792e+03 2.413153099999999895e+01
2.963750374000002921e+03 2.411726300000000123e+01
2.963775235000000976e+03 2.426856199999999930e+01
2.963775685000000522e+03 2.426190300000000022e+01
2.965879571999998007e+03 2.461612399999999923e+01
2.965897538999997778e+03 2.463100599999999929e+01
2.966752646000000823e+03 2.252979799999999955e+01
2.966768964000002597e+03 2.263365699999999947e+01
2.973882605999999214e+03 2.180621299999999962e+01
2.976735843000002205e+03 2.179958500000000043e+01
2.976748935999996320e+03 2.185042100000000076e+01
2.980719076000001223e+03 2.375887300000000124e+01
2.982740009000001010e+03 2.411890599999999907e+01
2.982758637999999337e+03 2.419586899999999829e+01
2.984710680999996839e+03 2.366241700000000137e+01
2.984726777999996557e+03 2.374800000000000111e+01
2.988739213000000746e+03 2.298553899999999928e+01
2.988742801000000327e+03 2.300255299999999892e+01
2.988771132000001671e+03 2.311279700000000048e+01
2.994680649000001722e+03 2.313838200000000001e+01
2.994691916999996465e+03 2.320000800000000041e+01
3.009682561000001442e+03 2.446522500000000022e+01
3.009698846999999660e+03 2.451510899999999893e+01
3.010622081000001344e+03 2.401134800000000169e+01
3.010640685999998823e+03 2.411479399999999984e+01
3.011687253999996756e+03 2.447612700000000174e+01
3.011706618999996863e+03 2.452711899999999901e+01
3.015699756000001798e+03 2.318717799999999940e+01
3.016628473999997368e+03 2.433451900000000023e+01
3.016643068999997922e+03 2.440883499999999984e+01
3.017614521999996214e+03 2.151614299999999957e+01
3.018662954999999783e+03 2.326450300000000126e+01
3.019631317999999737e+03 2.337990900000000138e+01
3.019644811999998637e+03 2.344059299999999979e+01
3.020635360000000219e+03 2.354444399999999860e+01
3.020649839999998221e+03 2.360548500000000161e+01
3.022625640999998723e+03 2.311136000000000124e+01
3.022636437000001024e+03 2.316171599999999842e+01
3.023665103999999701e+03 2.385610700000000151e+01
3.023690813000001071e+03 2.393034499999999909e+01
3.028600938999996288e+03 2.148637300000000039e+01
3.028609880999996676e+03 2.151947900000000047e+01
3.028671614999999292e+03 2.182424400000000020e+01
3.031615466000002925e+03 2.136501900000000020e+01
3.031626700000000710e+03 2.154574399999999912e+01
3.031631184999998368e+03 2.155744699999999980e+01
3.031635669000002963e+03 2.156853800000000021e+01
3.031648312999997870e+03 2.159662900000000008e+01
3.035660422000000835e+03 2.297671100000000166e+01
3.035676585000001069e+03 2.296569399999999916e+01
3.036665420999997878e+03 2.458811199999999886e+01
3.039614010999997845e+03 2.211659799999999976e+01
3.039614459999997052e+03 2.213612499999999983e+01
3.051625645000000077e+03 2.188392699999999991e+01
3.059682480000003125e+03 2.181577400000000111e+01
3.090675903999996081e+03 2.242719900000000166e+01
3.090688480999997410e+03 2.236960399999999893e+01
3.105643464000000677e+03 2.140770200000000045e+01
3.229029923000001872e+03 2.162823099999999954e+01
3.237021446999999171e+03 2.331205299999999880e+01
3.240030897999997251e+03 2.136558399999999835e+01
3.240031795000002603e+03 2.136875300000000166e+01
3.241003000999997312e+03 2.144096299999999999e+01
3.241010156999996980e+03 2.147301399999999916e+01
3.241014629999997851e+03 2.149184400000000039e+01
3.241016417999999248e+03 2.149912099999999882e+01
3.244982666999996582e+03 2.231527699999999825e+01
3.245001014000001305e+03 2.241639500000000140e+01
3.245992269000002125e+03 2.252846399999999960e+01
3.246007353000000876e+03 2.261185899999999904e+01
3.251022651999999653e+03 2.464083700000000121e+01
3.251035831000001053e+03 2.282646599999999992e+01
3.252992903999998816e+03 2.373938499999999863e+01
3.253008305000003020e+03 2.380258099999999999e+01
3.255024299999997311e+03 2.456859499999999841e+01
3.261994736000000557e+03 2.407750199999999907e+01
3.262018373999999312e+03 2.415409500000000165e+01
3.262943425999997999e+03 2.316753500000000088e+01
3.262966437000002770e+03 2.328948000000000107e+01
3.266934820000002219e+03 2.250511900000000054e+01
3.266951596999999310e+03 2.276002599999999987e+01
3.266981981999997515e+03 2.420834500000000133e+01
3.267000680999997712e+03 2.427004900000000021e+01
3.272988864999999350e+03 2.267869699999999966e+01
3.273005051000000094e+03 2.271759199999999979e+01
3.281911941999998817e+03 2.274059499999999900e+01
3.281921827999998641e+03 2.280085899999999910e+01
3.282894150000000081e+03 2.305820500000000095e+01
3.282907655000002705e+03 2.307844199999999901e+01
3.291861917000001995e+03 2.408165299999999931e+01
3.291862363000000187e+03 2.407306099999999915e+01
3.291875625000000582e+03 2.415689000000000064e+01
3.291878477999998722e+03 2.416458499999999887e+01
3.291883960999999545e+03 2.419318900000000028e+01
3.291899387999997998e+03 2.426469799999999921e+01
3.291909920999998576e+03 2.430668000000000006e+01
3.291923980999999912e+03 2.435420799999999986e+01
3.296876371999998810e+03 2.246259099999999975e+01
3.296887722999999824e+03 2.252112500000000139e+01
3.298838042000003043e+03 2.209155399999999858e+01
3.298856563000001188e+03 2.219037300000000101e+01
3.300885507999999390e+03 2.213403699999999930e+01
3.300905299999998533e+03 2.220590599999999881e+01
3.308842304999998305e+03 2.451499000000000095e+01
3.308860908000002382e+03 2.459138700000000100e+01
3.313831730999998399e+03 2.369574799999999826e+01
3.313834420999999566e+03 2.371018300000000067e+01
3.313845258000001195e+03 2.375307799999999858e+01
3.313847949000002700e+03 2.376328200000000024e+01
3.317841602000000421e+03 2.443945000000000078e+01
3.317855750000002445e+03 2.448571099999999845e+01
3.324769554999998945e+03 2.148705400000000054e+01
3.324773124999999709e+03 2.150311400000000006e+01
3.338853584999997111e+03 2.384998999999999825e+01
3.338854529999996885e+03 2.385735599999999934e+01
3.338869897999997193e+03 2.386561499999999825e+01
3.338870911999998498e+03 2.387344900000000081e+01
3.339803486999997403e+03 2.389367800000000130e+01
3.339818914000003133e+03 2.393291999999999931e+01
3.345713920000001963e+03 2.388181200000000004e+01
3.345732585999998264e+03 2.398806899999999942e+01
3.345793384999997215e+03 2.424795599999999851e+01
3.345806679000001168e+03 2.427626899999999921e+01
3.346765427999998792e+03 2.389834499999999906e+01
3.346783258000003116e+03 2.395063899999999890e+01
3.349773048000002746e+03 2.468559000000000125e+01
3.349799056999996537e+03 2.478540500000000080e+01
3.350703744999998889e+03 2.289962799999999987e+01
3.350715834000002360e+03 2.297317100000000067e+01
3.356808625999998185e+03 2.169882499999999936e+01
3.356809075999997731e+03 2.170933499999999938e+01
3.359854721999996400e+03 2.235498700000000127e+01
3.359873456000001170e+03 2.234155200000000008e+01
3.360899367999998503e+03 2.155373000000000161e+01
3.361673924000002444e+03 2.307041200000000103e+01
3.361693895999997039e+03 2.300945799999999863e+01
3.361797511999997369e+03 2.311804700000000068e+01
3.361815686000001733e+03 2.312137900000000101e+01
3.362671594999999797e+03 2.392902700000000138e+01
3.362691470999998273e+03 2.403284899999999880e+01
3.369674549999996088e+03 2.332220299999999824e+01
3.370667994999996154e+03 2.309864400000000018e+01
3.370676200000001700e+03 2.314601800000000154e+01
3.372651488000003155e+03 2.419513699999999901e+01
3.372672888000000967e+03 2.430295800000000028e+01
3.377628134999999020e+03 2.357250799999999913e+01
3.377642231999998330e+03 2.365476900000000171e+01
3.378630145000002813e+03 2.382354199999999977e+01
3.378650091999996221e+03 2.394293300000000002e+01
3.379659263000001374e+03 2.189786799999999900e+01
3.386614098999998532e+03 2.100410300000000063e+01
3.386617675000001327e+03 2.101881500000000003e+01
3.386628476999998384e+03 2.120852800000000116e+01
3.386663903000000573e+03 2.131375399999999942e+01
3.386751817999997002e+03 2.142390699999999981e+01
3.400652901000001293e+03 2.455023100000000014e+01
3.400665243999996164e+03 2.457578499999999977e+01
3.414610742999997456e+03 2.171157799999999938e+01
3.416742635000002338e+03 2.242988400000000127e+01
3.416766298000002280e+03 2.236665899999999851e+01
3.424621980999996595e+03 2.212196799999999897e+01
3.424635580000001937e+03 2.331655900000000159e+01
3.425623775000000023e+03 2.155667199999999895e+01
3.429718222000003152e+03 2.312677700000000058e+01
3.429733790999998746e+03 2.308546300000000073e+01
3.429740181000001030e+03 2.306559499999999829e+01
3.443677819999997155e+03 2.173141299999999987e+01
3.443701086000000942e+03 2.167939000000000149e+01
3.457691830999996455e+03 2.416517299999999935e+01
3.457705098999998881e+03 2.410277800000000070e+01
3.457706902999998420e+03 2.403906200000000126e+01
3.457717386999996961e+03 2.397757500000000164e+01
3.463701705999999831e+03 2.296540399999999948e+01
3.471668185000002268e+03 2.150163099999999972e+01
3.474660033000000112e+03 2.149055099999999996e+01
3.478655514999998559e+03 2.188781099999999924e+01
