0.000000000000000000e+00 2.070089400000000168e+01
8.940000043367035687e-04 2.069589399999999912e+01
6.681999999273102731e-03 2.084692300000000031e+01
1.112600000487873331e-02 2.079030099999999948e+01
1.557500000490108505e-02 2.083447200000000166e+01
2.002599999832455069e-02 2.085778799999999933e+01
2.624600000126520172e-02 2.085088599999999914e+01
2.802499999961582944e-02 2.088307500000000161e+01
3.470300000481074676e-02 2.065648200000000045e+01
4.765300000144634396e-02 2.080591000000000079e+01
6.145800000376766548e-02 2.091648999999999958e+01
6.368400000064866617e-02 2.093069900000000061e+01
7.436500000039814040e-02 2.089230200000000082e+01
7.704000000376254320e-02 2.090062400000000054e+01
1.202269999994314276e-01 2.107222799999999907e+01
1.211140000013983808e-01 2.100989799999999974e+01
1.291410000048927031e-01 2.104323799999999878e+01
1.300279999995836988e-01 2.089261499999999927e+01
1.380620000054477714e-01 2.082572400000000101e+01
1.389500000004773028e-01 2.093145799999999923e+01
1.688480000011622906e-01 2.120726799999999912e+01
1.706249999988358468e-01 2.132555299999999932e+01
1.808930000042892061e-01 2.123707299999999876e+01
1.840200000006007031e-01 2.123677299999999946e+01
1.889340000052470714e-01 2.112554000000000087e+01
1.942899999994551763e-01 2.102544299999999922e+01
2.050080000044545159e-01 2.105770199999999903e+01
2.058959999994840473e-01 2.091522399999999848e+01
2.062417000001005363e+00 2.186745000000000161e+01
2.063762999998289160e+00 2.187185799999999958e+01
2.071776000004319940e+00 2.195554800000000029e+01
2.091925000000628643e+00 2.207311100000000081e+01
2.100395000001299195e+00 2.217180400000000162e+01
2.109756000005290844e+00 2.212920899999999946e+01
2.116892999998526648e+00 2.218716699999999875e+01
2.122722000000067055e+00 2.214366000000000057e+01
2.128982000001997221e+00 2.217979000000000056e+01
2.139280000003054738e+00 2.209240199999999987e+01
2.145113999999011867e+00 2.208512699999999995e+01
2.163440000003902242e+00 2.221082300000000131e+01
2.169727000000420958e+00 2.216552899999999937e+01
2.183615000001736917e+00 2.209926300000000055e+01
2.189901000005193055e+00 2.208232299999999881e+01
3.203734000002441462e+00 2.111751200000000139e+01
3.209987000002001878e+00 2.114571600000000018e+01
1.309814900000492344e+01 2.267028600000000083e+01
1.312530700000206707e+01 2.281111399999999989e+01
1.313870100000349339e+01 2.300919299999999978e+01
1.315342900000541704e+01 2.287795200000000051e+01
1.316280600000027334e+01 2.303377000000000052e+01
1.316903900000033900e+01 2.312909799999999905e+01
1.317260600000008708e+01 2.309337100000000120e+01
1.317975400000432273e+01 2.300278399999999834e+01
1.318867100000352366e+01 2.302554999999999907e+01
1.794927900000038790e+01 2.341284200000000126e+01
1.795153099999879487e+01 2.340790300000000101e+01
1.797653200000058860e+01 2.355313699999999955e+01
1.797833199999877252e+01 2.355317399999999850e+01
1.798281500000302913e+01 2.361301800000000028e+01
1.798821100000350270e+01 2.356013000000000090e+01
1.799271199999930104e+01 2.360846400000000145e+01
1.800075800000195159e+01 2.362302299999999988e+01
1.801056899999821326e+01 2.350856699999999933e+01
1.802046400000108406e+01 2.346145200000000131e+01
1.802937200000451412e+01 2.336751900000000148e+01
1.803472500000498258e+01 2.321189599999999942e+01
1.803830300000117859e+01 2.317599200000000081e+01
1.804408400000102120e+01 2.323805099999999868e+01
1.804765300000144634e+01 2.333915100000000109e+01
1.814962300000479445e+01 2.337252799999999908e+01
1.816748599999846192e+01 2.368659099999999995e+01
1.817728500000521308e+01 2.362335600000000113e+01
1.820720100000471575e+01 2.212587800000000016e+01
2.019967100000212668e+01 2.284504700000000099e+01
2.121670299999823328e+01 2.157488999999999990e+01
2.216965500000515021e+01 2.296383399999999853e+01
2.217189599999983329e+01 2.292983399999999961e+01
2.218752700000186451e+01 2.296649000000000029e+01
2.218976200000179233e+01 2.300842799999999855e+01
2.220224299999972573e+01 2.299332100000000167e+01
2.220313000000169268e+01 2.295426900000000003e+01
2.518322800000169082e+01 2.148389799999999994e+01
2.519125599999824772e+01 2.160950000000000060e+01
2.519349199999851407e+01 2.165569999999999951e+01
2.519796299999870826e+01 2.165445199999999915e+01
2.520509400000446476e+01 2.171908300000000125e+01
2.520598299999983283e+01 2.167216000000000165e+01
2.521355300000141142e+01 2.151484200000000158e+01
2.521622100000240607e+01 2.155617799999999917e+01
2.522472399999969639e+01 2.161459199999999825e+01
2.920706200000131503e+01 2.209886200000000045e+01
3.191036700000404380e+01 2.270362799999999837e+01
3.201961700000538258e+01 2.257706800000000058e+01
3.202542000000539701e+01 2.255610599999999977e+01
3.203032199999870500e+01 2.263662499999999866e+01
3.204326900000160094e+01 2.260327699999999851e+01
3.204818900000100257e+01 2.259085800000000077e+01
3.205220299999928102e+01 2.274931799999999882e+01
3.205711600000358885e+01 2.285249400000000009e+01
3.207993500000156928e+01 2.285213800000000006e+01
3.618966400000499561e+01 2.376241100000000017e+01
3.916148100000282284e+01 2.294648700000000119e+01
4.012655400000221562e+01 2.312655099999999919e+01
4.015785000000323635e+01 2.316559099999999916e+01
4.017080900000291876e+01 2.327446600000000032e+01
4.018915900000138208e+01 2.326995199999999997e+01
4.020263400000112597e+01 2.320544299999999893e+01
4.108604400000331225e+01 2.286574500000000043e+01
4.111050800000521122e+01 2.285619700000000165e+01
4.114167699999961769e+01 2.293778599999999912e+01
4.115636200000153622e+01 2.294084399999999846e+01
4.118170600000303239e+01 2.299640499999999932e+01
4.118706899999961024e+01 2.298934900000000070e+01
4.119241400000464637e+01 2.297600100000000012e+01
4.120713700000487734e+01 2.300491200000000092e+01
4.121473500000138301e+01 2.131014499999999856e+01
4.400685099999827798e+01 2.246160199999999918e+01
4.401309200000105193e+01 2.256739900000000176e+01
4.401575400000001537e+01 2.254558600000000013e+01
4.402957500000047730e+01 2.258337799999999973e+01
4.403315899999870453e+01 2.257716100000000026e+01
4.403941000000486383e+01 2.256939200000000056e+01
4.404208900000230642e+01 2.251484299999999905e+01
4.404966399999830173e+01 2.257752599999999887e+01
4.409863600000244332e+01 2.267809700000000106e+01
4.413253100000292761e+01 2.291736099999999965e+01
4.419209899999987101e+01 2.297550800000000137e+01
4.419522600000345847e+01 2.291824599999999990e+01
4.421003400000336114e+01 2.301295000000000002e+01
4.503333399999974063e+01 2.274873900000000049e+01
4.512588500000128988e+01 2.272275600000000040e+01
4.513525099999969825e+01 2.260624500000000126e+01
4.521513599999889266e+01 2.293352700000000155e+01
4.592019200000504497e+01 2.250348200000000176e+01
4.592599100000370527e+01 2.256305300000000003e+01
4.593006600000080653e+01 2.249021499999999918e+01
4.593764999999984866e+01 2.251805099999999982e+01
4.593993000000045868e+01 2.264697299999999913e+01
4.594306100000540027e+01 2.246908099999999919e+01
4.594749900000169873e+01 2.249702200000000119e+01
4.594978000000264728e+01 2.262420200000000037e+01
4.595250099999975646e+01 2.250640100000000032e+01
4.596050300000206335e+01 2.251566400000000101e+01
4.596589900000253692e+01 2.252634799999999871e+01
4.598996199999965029e+01 2.282055400000000134e+01
4.602783099999942351e+01 2.275288499999999914e+01
4.605917400000180351e+01 2.280434199999999834e+01
4.607771000000502681e+01 2.269612300000000005e+01
4.610556100000394508e+01 2.257339899999999844e+01
4.610600700000213692e+01 2.251816200000000023e+01
4.611600000000180444e+01 2.253020499999999871e+01
5.007691899999917950e+01 2.307247100000000017e+01
5.013201800000388175e+01 2.343260899999999936e+01
5.018416900000011083e+01 2.345387500000000003e+01
5.019730300000082934e+01 2.338955800000000096e+01
5.415662900000461377e+01 2.110000099999999890e+01
5.419824399999924935e+01 2.103078100000000106e+01
5.420856199999980163e+01 2.104259800000000169e+01
5.421348299999954179e+01 2.111936299999999989e+01
5.423321900000155438e+01 2.105331699999999984e+01
5.423681600000418257e+01 2.103180599999999956e+01
5.709861200000159442e+01 2.093413699999999977e+01
5.711383900000510039e+01 2.084962200000000010e+01
5.713174100000469480e+01 2.099674800000000019e+01
5.719367600000259699e+01 2.109071499999999943e+01
6.689971800000057556e+01 2.355995800000000173e+01
6.690198200000304496e+01 2.360426100000000105e+01
6.690911200000118697e+01 2.366464099999999959e+01
6.691719000000011874e+01 2.351908699999999897e+01
6.691991799999959767e+01 2.346957000000000093e+01
6.692840599999908591e+01 2.376038300000000092e+01
6.695202000000426779e+01 2.380182100000000034e+01
7.095214600000326755e+01 2.211582200000000142e+01
7.095484600000054343e+01 2.207188999999999979e+01
7.095529000000533415e+01 2.205391799999999947e+01
7.097896400000172434e+01 2.229191499999999948e+01
7.097940799999923911e+01 2.229717899999999986e+01
7.098699699999997392e+01 2.233799199999999985e+01
7.098744100000476465e+01 2.235030100000000175e+01
7.100214499999856343e+01 2.226954100000000025e+01
7.100440399999934016e+01 2.223726500000000073e+01
7.100484800000413088e+01 2.226368099999999828e+01
7.101330800000141608e+01 2.227834500000000162e+01
7.102453700000478420e+01 2.199283799999999900e+01
7.102498100000229897e+01 2.203365399999999852e+01
7.102813800000149058e+01 2.202697600000000122e+01
7.104299600000376813e+01 2.203908699999999854e+01
9.091688399999839021e+01 2.390503100000000103e+01
9.121719000000302913e+01 2.362031100000000094e+01
9.122032000000035623e+01 2.368519999999999825e+01
9.279383000000234460e+01 2.266360600000000147e+01
1.010121150000049965e+02 2.402543700000000015e+01
1.010210290000031819e+02 2.413742900000000091e+01
1.010263800000029732e+02 2.417293400000000148e+01
1.010339630000016768e+02 2.415076699999999832e+01
1.010442519999996875e+02 2.428871699999999834e+01
1.010629950000002282e+02 2.408348499999999959e+01
1.011405159999994794e+02 2.405359800000000092e+01
1.011672480000052019e+02 2.412516199999999955e+01
1.012175710000010440e+02 2.380880900000000011e+01
1.019805590000032680e+02 2.385248999999999953e+01
1.020294460000004619e+02 2.420874799999999993e+01
1.021200339999995776e+02 2.383200199999999924e+01
1.112286969999986468e+02 2.433987499999999926e+01
1.167939709999991464e+02 2.288949300000000164e+01
1.197955510000028880e+02 2.350044400000000167e+01
1.198087290000039502e+02 2.359931500000000071e+01
1.198225640000018757e+02 2.376870500000000064e+01
1.198417790000021341e+02 2.339214600000000033e+01
