9.122032000000035623e+01 2.368519999999999825e+01
9.091688399999839021e+01 2.390503100000000103e+01
9.121719000000302913e+01 2.362031100000000094e+01
1.167939709999991464e+02 2.288949300000000164e+01
1.799271199999930104e+01 2.360846400000000145e+01
1.803830300000117859e+01 2.317599200000000081e+01
1.820720100000471575e+01 2.212587800000000016e+01
1.803472500000498258e+01 2.321189599999999942e+01
1.804408400000102120e+01 2.323805099999999868e+01
1.801056899999821326e+01 2.350856699999999933e+01
1.797653200000058860e+01 2.355313699999999955e+01
1.797833199999877252e+01 2.355317399999999850e+01
1.802046400000108406e+01 2.346145200000000131e+01
1.814962300000479445e+01 2.337252799999999908e+01
1.798281500000302913e+01 2.361301800000000028e+01
1.802937200000451412e+01 2.336751900000000148e+01
1.798821100000350270e+01 2.356013000000000090e+01
1.816748599999846192e+01 2.368659099999999995e+01
3.618966400000499561e+01 2.376241100000000017e+01
1.794927900000038790e+01 2.341284200000000126e+01
1.804765300000144634e+01 2.333915100000000109e+01
1.795153099999879487e+01 2.340790300000000101e+01
1.800075800000195159e+01 2.362302299999999988e+01
1.817728500000521308e+01 2.362335600000000113e+01
