0.000000000000000000e+00 2.165942899999999938e+01
9.995200000048498623e-01 2.183321899999999971e+01
3.011538999999174848e+00 2.202206400000000031e+01
5.007044999998470303e+00 2.193260199999999926e+01
7.860333000004175119e+00 2.361993400000000065e+01
7.877760000003036112e+00 2.364591700000000074e+01
2.778083000000333413e+01 2.221364600000000067e+01
2.779668300000048475e+01 2.245461900000000099e+01
2.794992900000215741e+01 2.256566099999999864e+01
2.796874100000422914e+01 2.254269499999999837e+01
2.802026399999886053e+01 2.175045700000000082e+01
3.275531800000317162e+01 2.356682899999999847e+01
3.275576600000204053e+01 2.358060700000000054e+01
3.277656500000011874e+01 2.358263300000000129e+01
3.277746199999819510e+01 2.356694399999999945e+01
4.574530700000468642e+01 2.127856099999999984e+01
4.972283400000014808e+01 2.220005400000000151e+01
4.973651600000448525e+01 2.227463699999999847e+01
5.176492000000143889e+01 2.159639599999999859e+01
5.176581200000509853e+01 2.160957399999999851e+01
5.177433700000256067e+01 2.166849900000000062e+01
5.592502000000240514e+01 2.110230900000000176e+01
5.592546500000025844e+01 2.107693099999999831e+01
5.593129400000179885e+01 2.103690599999999833e+01
5.593173899999965215e+01 2.101182599999999923e+01
5.770347100000071805e+01 2.410691999999999879e+01
6.166579700000147568e+01 2.366500399999999971e+01
6.168474399999831803e+01 2.399833100000000030e+01
6.168563700000231620e+01 2.403924599999999856e+01
6.170599700000457233e+01 2.391872299999999996e+01
6.969636900000477908e+01 2.314096299999999928e+01
7.868249900000228081e+01 2.170606000000000080e+01
7.972484799999801908e+01 2.208018300000000167e+01
7.973157499999797437e+01 2.207098999999999833e+01
7.974435500000254251e+01 2.196860900000000072e+01
7.975070399999822257e+01 2.201547000000000054e+01
8.076392299999861280e+01 2.173419900000000027e+01
8.076528099999995902e+01 2.174345699999999937e+01
8.260841300000174670e+01 2.233606899999999840e+01
8.263075699999899371e+01 2.238271599999999850e+01
8.484275500000512693e+01 2.317408500000000160e+01
8.765028400000301190e+01 2.448998699999999928e+01
8.767028199999913340e+01 2.465178099999999972e+01
8.960043299999961164e+01 2.395247200000000021e+01
8.961527000000205589e+01 2.404057800000000000e+01
9.065200600000389386e+01 2.460349400000000131e+01
9.065384500000072876e+01 2.461782399999999882e+01
9.066677599999820814e+01 2.473067599999999899e+01
9.066861600000265753e+01 2.466439300000000046e+01
9.661409300000377698e+01 2.324985300000000166e+01
1.005526920000047539e+02 2.181081500000000162e+01
1.025950840000004973e+02 2.337702000000000169e+01
1.026130669999984093e+02 2.350283400000000000e+01
1.026205420000042068e+02 2.350609000000000037e+01
1.026324630000017351e+02 2.367248000000000019e+01
1.085523969999994733e+02 2.123183399999999921e+01
1.085559760000032838e+02 2.124957099999999954e+01
1.085604520000051707e+02 2.127486199999999883e+01
1.086480040000024019e+02 2.146605100000000022e+01
1.086511480000044685e+02 2.153341599999999900e+01
1.086547300000020186e+02 2.161570100000000139e+01
1.095747730000002775e+02 2.160135400000000061e+01
1.316674229999989620e+02 2.411272400000000005e+01
1.316840139999985695e+02 2.408889399999999981e+01
1.365956399999995483e+02 2.255630999999999986e+01
1.365965409999989788e+02 2.256938900000000103e+01
1.366094799999991665e+02 2.267347099999999926e+01
1.366103860000002896e+02 2.268108099999999894e+01
1.496260340000008000e+02 2.455226000000000042e+01
1.496469270000015968e+02 2.442193299999999923e+01
1.506698949999990873e+02 2.381939900000000065e+01
1.506712350000016158e+02 2.386327899999999858e+01
1.506836279999988619e+02 2.381083800000000039e+01
1.506849670000010519e+02 2.385912199999999928e+01
1.526801340000019991e+02 2.339431799999999839e+01
1.566414280000026338e+02 2.472953299999999999e+01
1.566622419999985141e+02 2.463546099999999939e+01
3.169669409999987693e+02 2.133224799999999988e+01
3.179607519999990473e+02 2.111303300000000149e+01
3.179620930000019143e+02 2.102360499999999988e+01
3.199842600000047241e+02 2.183750500000000017e+01
3.289373960000011721e+02 2.451627200000000073e+01
3.289607900000046357e+02 2.465532999999999930e+01
3.289928560000043944e+02 2.220471799999999973e+01
3.309672060000011697e+02 2.373979699999999937e+01
3.309834210000044550e+02 2.177836500000000086e+01
3.319255820000034873e+02 2.365810000000000102e+01
3.319391000000032363e+02 2.373030999999999935e+01
3.359133619999993243e+02 2.440418199999999871e+01
3.359274760000043898e+02 2.450358699999999956e+01
3.379094220000042696e+02 2.326453499999999863e+01
3.379257530000031693e+02 2.329119199999999879e+01
3.418985339999999269e+02 2.383594199999999930e+01
3.419196230000015930e+02 2.411566799999999944e+01
3.419503390000027139e+02 2.412686499999999867e+01
3.419692050000012387e+02 2.409551899999999947e+01
3.439424140000046464e+02 2.417460000000000164e+01
3.439717969999983325e+02 2.413840199999999925e+01
3.479281950000004144e+02 2.235121200000000030e+01
3.479433470000003581e+02 2.221983099999999922e+01
3.488893710000047577e+02 2.223347599999999957e+01
3.489105830000044079e+02 2.223676499999999834e+01
3.499024130000034347e+02 2.170616700000000066e+01
3.499086749999987660e+02 2.175422999999999973e+01
3.499243050000004587e+02 2.178225399999999823e+01
3.568748689999993076e+02 2.417219000000000051e+01
3.568931660000016564e+02 2.436816500000000119e+01
3.808218550000019604e+02 2.171752899999999897e+01
3.808231940000041504e+02 2.170773600000000059e+01
3.808546510000014678e+02 2.178703000000000145e+01
3.808550979999999981e+02 2.180535100000000170e+01
3.918800600000031409e+02 2.354937800000000081e+01
3.967839280000043800e+02 2.323609899999999939e+01
3.967866250000006403e+02 2.315158200000000122e+01
3.987784430000028806e+02 2.420769699999999958e+01
3.987964280000014696e+02 2.430223600000000062e+01
3.997934500000046683e+02 2.356932700000000125e+01
3.998054659999979776e+02 2.338513599999999926e+01
4.007857930000027409e+02 2.404719199999999901e+01
4.008018640000009327e+02 2.419061699999999959e+01
4.017896360000013374e+02 2.334362600000000043e+01
4.018081810000003316e+02 2.350602599999999853e+01
4.047249300000039511e+02 2.206262699999999910e+01
4.047457020000001648e+02 2.228999900000000167e+01
4.067746800000022631e+02 2.170729199999999892e+01
4.078288790000005974e+02 2.163215299999999885e+01
4.087411849999989499e+02 2.168670799999999943e+01
4.087564290000009350e+02 2.171515600000000035e+01
4.087676060000012512e+02 2.172901600000000144e+01
4.087849560000031488e+02 2.179617000000000004e+01
4.088063430000038352e+02 2.216330999999999918e+01
4.088293870000052266e+02 2.221423300000000012e+01
4.088538350000017090e+02 2.204605899999999963e+01
4.088723109999991721e+02 2.218114699999999928e+01
4.217166730000026291e+02 2.408315400000000039e+01
4.217304040000017267e+02 2.404817299999999847e+01
4.236776549999995041e+02 2.309638800000000103e+01
4.267026249999980791e+02 2.435456800000000044e+01
4.267228020000038669e+02 2.414160100000000142e+01
4.286632939999981318e+02 2.400505799999999823e+01
4.286821190000046045e+02 2.398787599999999998e+01
4.366937030000044615e+02 2.154965400000000031e+01
4.367355180000013206e+02 2.162181100000000100e+01
4.367408940000022994e+02 2.152824100000000129e+01
4.397014259999996284e+02 2.293253299999999939e+01
4.397179880000039702e+02 2.291644900000000007e+01
4.397438430000038352e+02 2.264568900000000085e+01
4.397607330000028014e+02 2.262657300000000049e+01
4.398224940000000061e+02 2.276477500000000020e+01
4.398406850000028498e+02 2.264228400000000008e+01
4.416738909999985481e+02 2.436340200000000067e+01
4.416933720000015455e+02 2.415567899999999923e+01
4.546983479999980773e+02 2.336792399999999859e+01
4.616129720000026282e+02 2.141842499999999916e+01
4.616290670000016689e+02 2.131971199999999911e+01
4.626870550000021467e+02 2.138080400000000125e+01
4.626875020000006771e+02 2.135943400000000025e+01
5.006465079999979935e+02 2.367300200000000032e+01
5.006696430000010878e+02 2.372557799999999872e+01
5.017001450000025216e+02 2.436947699999999983e+01
5.017143560000040452e+02 2.430080500000000043e+01
5.126789439999993192e+02 2.443481200000000086e+01
5.127001620000010007e+02 2.437135100000000065e+01
5.205955030000041006e+02 2.169883499999999898e+01
6.799861090000049444e+02 2.136803499999999900e+01
6.799870040000023437e+02 2.140775999999999968e+01
6.809835070000044652e+02 2.108387600000000006e+01
6.809870890000020154e+02 2.109237999999999857e+01
6.809924640000026557e+02 2.110459399999999874e+01
6.939283020000002580e+02 2.435861500000000035e+01
6.939287489999987883e+02 2.435276100000000099e+01
6.939465090000012424e+02 2.442266700000000057e+01
6.939474059999993187e+02 2.441226500000000144e+01
6.979588770000045770e+02 2.373171200000000169e+01
6.979814689999984694e+02 2.378884199999999893e+01
6.989157489999997779e+02 2.307762999999999920e+01
6.989453839999987395e+02 2.337322299999999942e+01
7.019689300000027288e+02 2.131600900000000109e+01
7.039163830000034068e+02 2.163688600000000051e+01
7.039508280000009108e+02 2.171816799999999859e+01
7.049077820000020438e+02 2.216286799999999957e+01
7.049301919999998063e+02 2.223234700000000075e+01
7.068924850000039442e+02 2.145429999999999993e+01
7.068929320000024745e+02 2.144992099999999979e+01
7.068974200000011479e+02 2.146830599999999833e+01
7.068978680000000168e+02 2.146265100000000103e+01
7.068983149999985471e+02 2.147078000000000131e+01
7.109252689999993891e+02 2.382810299999999870e+01
7.109397860000026412e+02 2.386508699999999905e+01
7.109460670000044047e+02 2.387959599999999938e+01
7.109633340000000317e+02 2.391518400000000000e+01
7.208782360000041081e+02 2.402013300000000129e+01
7.209036679999990156e+02 2.410281099999999910e+01
7.437994279999984428e+02 2.303587599999999824e+01
7.438048100000014529e+02 2.306062199999999862e+01
7.458151460000008228e+02 2.288217200000000062e+01
7.468031830000036280e+02 2.429880400000000051e+01
7.468232300000017858e+02 2.437353900000000095e+01
7.637258330000040587e+02 2.176460200000000000e+01
7.637419310000041150e+02 2.182224599999999981e+01
7.637451250000012806e+02 2.183292199999999994e+01
7.637591480000046431e+02 2.187693000000000154e+01
7.637691229999982170e+02 2.190542400000000001e+01
7.637824360000013257e+02 2.193982899999999958e+01
7.638133730000045034e+02 2.200413400000000053e+01
7.638338660000008531e+02 2.203492699999999971e+01
7.638540450000000419e+02 2.205622400000000027e+01
7.638690980000028503e+02 2.206635100000000094e+01
7.687382169999982580e+02 2.390375500000000031e+01
7.687603589999998803e+02 2.392956900000000076e+01
7.737943339999983436e+02 2.354700199999999910e+01
7.737952300000033574e+02 2.356409199999999871e+01
7.738124349999998230e+02 2.357695700000000016e+01
7.738133300000044983e+02 2.358638699999999844e+01
7.767037970000019413e+02 2.317352899999999849e+01
7.767240710000041872e+02 2.324135599999999968e+01
7.817054970000026515e+02 2.341601299999999952e+01
7.817235310000032769e+02 2.351056399999999869e+01
7.817266589999999269e+02 2.353062500000000057e+01
7.817491349999982049e+02 2.353477200000000025e+01
7.866845430000030319e+02 2.126971299999999943e+01
7.876787160000021686e+02 2.209272700000000000e+01
7.876917519999988144e+02 2.214346899999999962e+01
7.957549580000049900e+02 2.361796700000000016e+01
7.957728550000028918e+02 2.361349600000000137e+01
7.957769130000015139e+02 2.358802100000000124e+01
7.957773610000003828e+02 2.361245500000000064e+01
7.986464909999995143e+02 2.382028199999999885e+01
7.986469370000049821e+02 2.381386900000000040e+01
7.986667979999983800e+02 2.389970500000000087e+01
7.986672450000041863e+02 2.388694800000000029e+01
7.986733160000003409e+02 2.390653400000000062e+01
7.986968140000026324e+02 2.397298100000000076e+01
8.026923080000051414e+02 2.312827599999999961e+01
8.116368189999993774e+02 2.350820799999999977e+01
8.116543930000043474e+02 2.356684299999999865e+01
8.126161399999982677e+02 2.343341200000000057e+01
8.126165870000040741e+02 2.344826000000000121e+01
8.126316500000029919e+02 2.350724800000000059e+01
8.126329919999989215e+02 2.349446400000000068e+01
8.126483789999983856e+02 2.354450100000000035e+01
8.126497190000009141e+02 2.357032500000000041e+01
8.126619470000005094e+02 2.360871799999999965e+01
8.126623939999990398e+02 2.358580100000000002e+01
8.177110430000029737e+02 2.163512499999999861e+01
8.177114910000018426e+02 2.161276000000000153e+01
8.177177779999983613e+02 2.161657599999999846e+01
8.187429560000018682e+02 2.180116299999999896e+01
8.196012950000003912e+02 2.140437000000000012e+01
8.196102590000009513e+02 2.142564600000000041e+01
8.196201000000000931e+02 2.144693399999999883e+01
8.196259120000031544e+02 2.145853299999999919e+01
8.196406610000049113e+02 2.148480199999999840e+01
8.196988229999988107e+02 2.154783499999999918e+01
8.197024040000032983e+02 2.154972100000000168e+01
8.245693299999984447e+02 2.422255099999999928e+01
8.245857240000041202e+02 2.428601899999999958e+01
8.266193170000042301e+02 2.439628400000000141e+01
8.266197640000027604e+02 2.442008200000000073e+01
8.266396180000010645e+02 2.447229199999999949e+01
8.266400649999995949e+02 2.444701200000000085e+01
8.395818110000036540e+02 2.429458299999999937e+01
8.395997730000017327e+02 2.433582399999999879e+01
8.455565710000009858e+02 2.173738000000000170e+01
8.455668530000039027e+02 2.175813300000000083e+01
8.906071660000015981e+02 2.373656300000000030e+01
1.037985003000001598e+03 2.207593500000000120e+01
1.048969253000002936e+03 2.343165799999999876e+01
1.051977868000001763e+03 2.139078999999999908e+01
1.053976034999999683e+03 2.413519799999999904e+01
1.055991938999999547e+03 2.152351699999999823e+01
1.058947685999999521e+03 2.242061500000000152e+01
1.058960431999999855e+03 2.246482500000000115e+01
1.058984271000001172e+03 2.209061799999999920e+01
1.060954573000002711e+03 2.261065299999999922e+01
1.060968598999999813e+03 2.265428299999999950e+01
1.060999543999998423e+03 2.228656700000000157e+01
1.063926911000002292e+03 2.310340899999999920e+01
1.063942177000004449e+03 2.315706099999999878e+01
1.063961648000004061e+03 2.321690900000000113e+01
1.063977844000000914e+03 2.325959399999999988e+01
1.069982851000000664e+03 2.427622699999999867e+01
1.071913195000000997e+03 2.441080099999999931e+01
1.071926326000000699e+03 2.445343700000000098e+01
1.074959296000000904e+03 2.415900200000000098e+01
1.074975763000002189e+03 2.418454799999999949e+01
1.077931061000002956e+03 2.397505299999999906e+01
1.077945831000004546e+03 2.400993499999999869e+01
1.078900079999999434e+03 2.352119400000000127e+01
1.078917301000001316e+03 2.357288600000000045e+01
1.085854602999999770e+03 2.171791800000000094e+01
1.085859534000002895e+03 2.173195000000000121e+01
1.085860429000000295e+03 2.173442999999999969e+01
1.085904936999999336e+03 2.183447299999999913e+01
1.086874429000003147e+03 2.155204700000000173e+01
1.086878012000001036e+03 2.156037299999999846e+01
1.086885175000003073e+03 2.157615300000000147e+01
1.088921788999999990e+03 2.250214899999999929e+01
1.088937573000002885e+03 2.253036900000000031e+01
1.090866619000000355e+03 2.225794199999999989e+01
1.090886810000003607e+03 2.231297299999999950e+01
1.090895051999999851e+03 2.233260299999999887e+01
1.090917987000000721e+03 2.237885700000000000e+01
1.092892360999998346e+03 2.309299299999999988e+01
1.092904949000003398e+03 2.312189000000000050e+01
1.094852783000002091e+03 2.404628299999999896e+01
1.094873603000000003e+03 2.409496299999999991e+01
1.100824813999999606e+03 2.406901399999999924e+01
1.100841341999999713e+03 2.412248599999999854e+01
1.119771923000000243e+03 2.218350399999999922e+01
1.119791785000001255e+03 2.224544500000000014e+01
1.119799121000003652e+03 2.226622400000000113e+01
1.119821206000000529e+03 2.232187499999999858e+01
1.119848403000003600e+03 2.237618000000000151e+01
1.119864571999998589e+03 2.240105300000000099e+01
1.122969510000002629e+03 2.376743099999999842e+01
1.122983100999997987e+03 2.374873600000000096e+01
1.126758929000003263e+03 2.413033000000000072e+01
1.128772956000000704e+03 2.311172200000000032e+01
1.128773851999998442e+03 2.309200200000000081e+01
1.128777889000004507e+03 2.312891199999999969e+01
1.128780120000003080e+03 2.311170900000000117e+01
1.137752996000002895e+03 2.388700299999999999e+01
1.137776203000001260e+03 2.398517299999999963e+01
1.141722045000002254e+03 2.174867400000000117e+01
1.141726080000000366e+03 2.175916499999999942e+01
1.141728329000005033e+03 2.176485100000000017e+01
1.141735583000001498e+03 2.178241600000000133e+01
1.142727000999999291e+03 2.155060299999999884e+01
1.142731478000001516e+03 2.156144099999999852e+01
1.143719626999998582e+03 2.166887300000000138e+01
1.143728144000000611e+03 2.168999399999999866e+01
1.149758698999998160e+03 2.306151399999999896e+01
1.149776313000002119e+03 2.307233799999999846e+01
1.149834822000004351e+03 2.307931900000000169e+01
1.149853046000003815e+03 2.306963000000000008e+01
1.150689502000001085e+03 2.368518600000000163e+01
1.150711590999999316e+03 2.361142900000000111e+01
1.150756126000000222e+03 2.362076800000000176e+01
1.150770560000004480e+03 2.361816599999999866e+01
1.153688853999999992e+03 2.414414999999999978e+01
1.153700194000004558e+03 2.418190699999999893e+01
1.158650316999999632e+03 2.449406000000000105e+01
1.158666708000004292e+03 2.455412000000000106e+01
1.158704803000000538e+03 2.466356599999999943e+01
1.158721259999998438e+03 2.469843900000000048e+01
1.174653600999998162e+03 2.156448500000000124e+01
1.174654047000003629e+03 2.153856299999999990e+01
1.174661211999999068e+03 2.157864000000000004e+01
1.174661659000004875e+03 2.155555000000000021e+01
1.174667474000001675e+03 2.158939700000000173e+01
1.174667923000000883e+03 2.156855799999999945e+01
1.174671952000004239e+03 2.157648000000000010e+01
1.174718532999999297e+03 2.164912299999999945e+01
1.174736542999999074e+03 2.165916700000000006e+01
1.174737438000003749e+03 2.165927900000000150e+01
1.175631079999999201e+03 2.210454700000000017e+01
1.175632422000002407e+03 2.217590600000000123e+01
1.175649452000005112e+03 2.221206099999999850e+01
1.175649898000003304e+03 2.215430999999999884e+01
1.177638296000004630e+03 2.320328800000000058e+01
1.177657334000003175e+03 2.319633200000000173e+01
1.177708386999998766e+03 2.319091999999999842e+01
1.177722510999999940e+03 2.319069299999999956e+01
1.177737243000003218e+03 2.318858799999999931e+01
1.178605360000001383e+03 2.448009000000000057e+01
1.178621682000004512e+03 2.452802900000000008e+01
1.178675187000000733e+03 2.401345600000000147e+01
1.179605645000003278e+03 2.412204399999999893e+01
1.179623943999999028e+03 2.419873099999999866e+01
1.181645067000004929e+03 2.444757500000000050e+01
1.181666137000000163e+03 2.450057599999999880e+01
1.182602645999999368e+03 2.458497799999999955e+01
1.182619318000004569e+03 2.465225900000000081e+01
1.187585262000000512e+03 2.308055699999999888e+01
1.187589290000003530e+03 2.309904300000000177e+01
1.187595605000002251e+03 2.312660899999999842e+01
1.191615578000004462e+03 2.281796299999999889e+01
1.272626902000003611e+03 2.407598600000000033e+01
1.272642248000003747e+03 2.401970999999999989e+01
1.410984489000002213e+03 2.113262100000000032e+01
1.417945723000004364e+03 2.262338000000000093e+01
1.417964264000002004e+03 2.268996999999999886e+01
1.418993119999999180e+03 2.153165299999999860e+01
1.424951013999998395e+03 2.325259099999999890e+01
1.424951462000004540e+03 2.331357699999999866e+01
1.426917473000001337e+03 2.464243400000000150e+01
1.426934563000002527e+03 2.470993700000000004e+01
1.432925076999999874e+03 2.422153899999999993e+01
1.432940119999999297e+03 2.427449700000000021e+01
1.432964170999999624e+03 2.434536500000000103e+01
1.432978516000002855e+03 2.437994899999999987e+01
1.440884962000003725e+03 2.180451199999999901e+01
1.440889897000000929e+03 2.181825999999999866e+01
1.440892578999999387e+03 2.182548099999999991e+01
1.440899338000002899e+03 2.184290299999999974e+01
1.442887790000000678e+03 2.181995099999999965e+01
1.442891366000003472e+03 2.182924699999999874e+01
1.444881446999999753e+03 2.225699099999999930e+01
1.444903663000004599e+03 2.232739799999999875e+01
1.448866629000003741e+03 2.395946899999999857e+01
1.448867075000001932e+03 2.395178100000000043e+01
1.448890228000003844e+03 2.403430300000000130e+01
1.448890675000002375e+03 2.403342800000000068e+01
1.449880268000000797e+03 2.399164499999999833e+01
1.449880714999999327e+03 2.398957000000000050e+01
1.449894467999998596e+03 2.403261900000000040e+01
1.449895809000001464e+03 2.402913300000000163e+01
1.449897149000003992e+03 2.403997499999999832e+01
1.449919062000000849e+03 2.409494499999999917e+01
1.453879622000000381e+03 2.425769700000000029e+01
1.453892276999999012e+03 2.429420500000000160e+01
1.473833193999998912e+03 2.205370399999999975e+01
1.473847632000004523e+03 2.208821899999999872e+01
1.473855741999999736e+03 2.210548899999999861e+01
1.473878383000002941e+03 2.214577299999999838e+01
1.475837976000002527e+03 2.287134000000000000e+01
1.475850093000000925e+03 2.289596500000000034e+01
1.475860103999999410e+03 2.291400300000000101e+01
1.475873211999998603e+03 2.293441800000000086e+01
1.475966058999998495e+03 2.297270599999999874e+01
1.475984616000001552e+03 2.295750100000000060e+01
1.476785865999998350e+03 2.269286599999999865e+01
1.476806302000004507e+03 2.273874299999999948e+01
1.476817494000002625e+03 2.276275899999999908e+01
1.476831734999999753e+03 2.279130200000000173e+01
1.476878229000001738e+03 2.286219900000000038e+01
1.476897931999999855e+03 2.288009800000000027e+01
1.476903301999998803e+03 2.288361799999999846e+01
1.476922432999999728e+03 2.289131400000000127e+01
1.496783806999999797e+03 2.189181800000000067e+01
1.496802928000004613e+03 2.194047799999999881e+01
1.498775754000002053e+03 2.151262900000000045e+01
1.501861527000000933e+03 2.194462100000000149e+01
1.501880586999999650e+03 2.195108700000000113e+01
1.509693336000003910e+03 2.418497800000000097e+01
1.509715766000001167e+03 2.426328000000000173e+01
1.511741078999999445e+03 2.308160300000000120e+01
1.511744661000004271e+03 2.309345100000000173e+01
1.513709726000000956e+03 2.303221999999999881e+01
1.514712381000004825e+03 2.366903900000000149e+01
1.514731084999999439e+03 2.372335700000000003e+01
1.516721911000000546e+03 2.387127299999999863e+01
1.516739197000002605e+03 2.391496700000000075e+01
1.517748084999999264e+03 2.404084500000000091e+01
1.517762839000002714e+03 2.406978600000000057e+01
1.523655150999999023e+03 2.219185399999999930e+01
1.523672055000002729e+03 2.225218399999999974e+01
1.528788763000004110e+03 2.175203600000000037e+01
1.528805205000004207e+03 2.175369900000000101e+01
1.534631509999999253e+03 2.411329999999999885e+01
1.534654792000001180e+03 2.419607500000000044e+01
1.536696427000002586e+03 2.309153200000000083e+01
1.536708911000001535e+03 2.311077099999999973e+01
1.544645726000002469e+03 2.311538399999999882e+01
1.553589341999999306e+03 2.154646699999999981e+01
1.553597397999998066e+03 2.156798500000000018e+01
1.553598292000002402e+03 2.157027899999999931e+01
1.553603212000001804e+03 2.158258100000000113e+01
1.553608580000000075e+03 2.159538900000000083e+01
1.553615284999999858e+03 2.161049900000000079e+01
1.553616176000003179e+03 2.161243699999999990e+01
1.556609874000001582e+03 2.180064300000000088e+01
1.556723224000001210e+03 2.192061899999999852e+01
1.559560516000005009e+03 2.172014899999999926e+01
1.559576837000000523e+03 2.211362199999999945e+01
1.564576670000002196e+03 2.381927599999999856e+01
1.564597085000001243e+03 2.387765100000000018e+01
1.564605434000004607e+03 2.389838599999999857e+01
1.564628191000003426e+03 2.394596299999999900e+01
1.574583521000000474e+03 2.453137299999999854e+01
1.574583967999999004e+03 2.450813300000000083e+01
1.574597088000002259e+03 2.455782100000000057e+01
1.574597534000000451e+03 2.453221900000000133e+01
1.576561677999998210e+03 2.215396900000000002e+01
1.584665568000003987e+03 2.227063499999999863e+01
1.584688786999999138e+03 2.224890900000000116e+01
1.607596425000003364e+03 2.408382900000000149e+01
1.607621765000003506e+03 2.407711499999999916e+01
1.629675607000004675e+03 2.293820300000000145e+01
1.772983315000004950e+03 2.210983399999999932e+01
1.780973896000003151e+03 2.435404300000000077e+01
1.781957920000000740e+03 2.429673700000000025e+01
1.792960727999998198e+03 2.268304600000000093e+01
1.792979562000000442e+03 2.278659499999999838e+01
1.793922616000003472e+03 2.154023000000000110e+01
1.793967527000000700e+03 2.165054800000000057e+01
1.795943774999999732e+03 2.239069900000000146e+01
1.795959952000004705e+03 2.244698899999999853e+01
1.795975120000002789e+03 2.249557000000000073e+01
1.795990317000003415e+03 2.211385399999999990e+01
1.800900022000001627e+03 2.266108799999999945e+01
1.800916205000001355e+03 2.271233600000000052e+01
1.800939547000001767e+03 2.277552499999999824e+01
1.800958224000001792e+03 2.281672500000000170e+01
1.803910843999998178e+03 2.337787499999999952e+01
1.803928191999999399e+03 2.342721200000000081e+01
1.803950627999998687e+03 2.348197000000000045e+01
1.803968973000002734e+03 2.351888100000000037e+01
1.806974572999999509e+03 2.318447799999999859e+01
1.807914776000005077e+03 2.289085100000000139e+01
1.813872687000002770e+03 2.431241899999999845e+01
1.813889308999998320e+03 2.437534600000000040e+01
1.813909962999998243e+03 2.444186699999999846e+01
1.813925502999998571e+03 2.448306200000000032e+01
1.814876904000004288e+03 2.466473399999999927e+01
1.814896112000002177e+03 2.473788400000000109e+01
1.818865019000004395e+03 2.322069099999999864e+01
1.818882819999998901e+03 2.352426099999999920e+01
1.824833887000000686e+03 2.206415700000000157e+01
1.824850981000003230e+03 2.212672399999999939e+01
1.824858337999998184e+03 2.213375600000000176e+01
1.824870578000001842e+03 2.217803299999999922e+01
1.824871920000005048e+03 2.219323699999999988e+01
1.824877293999998074e+03 2.220072400000000101e+01
1.824886981000003289e+03 2.223447699999999827e+01
1.824891972000004898e+03 2.224620300000000128e+01
1.825843396000003850e+03 2.180227500000000163e+01
1.825844737999999779e+03 2.178310199999999952e+01
1.825861817000004521e+03 2.186164499999999933e+01
1.825865724000002956e+03 2.186044499999999857e+01
1.829857624000003852e+03 2.279972599999999971e+01
1.829871494999999413e+03 2.283309600000000117e+01
1.829914488000002166e+03 2.290874900000000025e+01
1.829932920999999624e+03 2.292844399999999894e+01
1.829952022999998007e+03 2.294087800000000144e+01
1.829968382999999449e+03 2.294510299999999958e+01
1.831912129000003915e+03 2.396719799999999978e+01
1.831928239000000758e+03 2.398799199999999843e+01
1.831945200000001932e+03 2.400368399999999980e+01
1.831962427999998908e+03 2.401290699999999845e+01
1.838811134000003221e+03 2.301601300000000094e+01
1.839822614000004251e+03 2.445978399999999908e+01
1.839842574000002060e+03 2.451541599999999832e+01
1.841799879999998666e+03 2.383674099999999996e+01
1.841816990999999689e+03 2.389944900000000061e+01
1.850766435000005004e+03 2.177515199999999851e+01
1.850797278999998525e+03 2.184894099999999995e+01
1.850808560999998008e+03 2.187068800000000124e+01
1.851804885000005015e+03 2.155663300000000149e+01
1.856755183000001125e+03 2.193980499999999978e+01
1.856767851000004157e+03 2.198468300000000042e+01
1.856836106000002474e+03 2.215969300000000075e+01
1.856852115000001504e+03 2.218499500000000069e+01
1.857869507000003068e+03 2.265919099999999986e+01
1.857887869999998657e+03 2.267133099999999857e+01
1.858740689999998722e+03 2.271369699999999980e+01
1.858755036000002292e+03 2.274768500000000060e+01
1.858796530999999959e+03 2.278773299999999935e+01
1.858797881999998935e+03 2.283693600000000146e+01
1.858808886999999231e+03 2.285534799999999933e+01
1.858809784000004584e+03 2.281618399999999980e+01
1.858817587000005005e+03 2.286834400000000045e+01
1.858818485000003420e+03 2.283298699999999926e+01
1.858840100000001257e+03 2.289523200000000003e+01
1.858840994999998657e+03 2.286930299999999860e+01
1.858844596000002639e+03 2.289939999999999998e+01
1.858866982999999891e+03 2.291400300000000101e+01
1.858873361999998451e+03 2.290272600000000125e+01
1.858895984000002500e+03 2.291259799999999913e+01
1.858919939999999769e+03 2.291073899999999952e+01
1.858935152999998536e+03 2.290288200000000174e+01
1.866747531000000890e+03 2.441931200000000146e+01
1.866763683000004676e+03 2.447488799999999998e+01
1.869729220000001078e+03 2.427033000000000129e+01
1.869748795999999857e+03 2.434311299999999889e+01
1.874744786000002932e+03 2.412948799999999849e+01
1.874757820999999240e+03 2.417579800000000034e+01
1.883678798000000825e+03 2.141348400000000041e+01
1.883679243999999017e+03 2.142191400000000101e+01
1.883680137000003015e+03 2.142472499999999869e+01
1.883680583000001207e+03 2.141868200000000044e+01
1.883687303999999131e+03 2.144650299999999987e+01
1.883687750000004598e+03 2.143875200000000092e+01
1.883692236000002595e+03 2.146070200000000128e+01
1.883692683000001125e+03 2.145185400000000087e+01
1.883693576000005123e+03 2.145416700000000176e+01
1.883694023000003654e+03 2.146569600000000122e+01
1.883705807999998797e+03 2.149661400000000100e+01
1.883708943000005092e+03 2.149110800000000054e+01
1.883722377999998571e+03 2.151927799999999991e+01
1.883722825000004377e+03 2.153546100000000152e+01
1.894643087000004016e+03 2.414905600000000163e+01
1.894661212999999407e+03 2.421165600000000140e+01
1.894686620000000403e+03 2.428367000000000075e+01
1.894705173000002105e+03 2.432529100000000000e+01
1.895661223000002792e+03 2.302677100000000010e+01
1.895661670000001322e+03 2.301065600000000089e+01
1.895667046000002301e+03 2.305414899999999889e+01
1.895668836000004376e+03 2.304164400000000157e+01
1.895671972000003734e+03 2.307612800000000064e+01
1.895684519000002183e+03 2.310233900000000062e+01
1.897658823000005214e+03 2.291024699999999825e+01
1.897659270000003744e+03 2.289304399999999973e+01
1.902659551000004285e+03 2.400772399999999962e+01
1.902661337000005005e+03 2.395870199999999883e+01
1.902674164000003657e+03 2.405364700000000155e+01
1.902675952999998117e+03 2.400825199999999882e+01
1.931582975000004808e+03 2.367854300000000123e+01
1.931597483999998076e+03 2.371989200000000153e+01
1.931607613000000129e+03 2.374597699999999989e+01
1.931625455000001239e+03 2.378679800000000100e+01
2.150983557999999903e+03 2.228553499999999943e+01
2.153983800000001793e+03 2.216659800000000047e+01
2.153987829000005149e+03 2.214098500000000058e+01
2.155974357999999484e+03 2.336747300000000038e+01
2.157924330000001646e+03 2.351171000000000078e+01
2.157941030000001774e+03 2.356589500000000115e+01
2.157955891999998130e+03 2.360842900000000100e+01
2.157969533000003139e+03 2.364276999999999873e+01
2.159947170999999798e+03 2.423466499999999968e+01
2.159964780000002065e+03 2.428071299999999866e+01
2.159968838000000687e+03 2.429024199999999922e+01
2.159982123000001593e+03 2.431861200000000167e+01
2.160966907000001811e+03 2.295425399999999883e+01
2.163983554999998887e+03 2.340611600000000081e+01
2.165902915999999095e+03 2.427893900000000116e+01
2.165920081000003847e+03 2.434709700000000154e+01
2.166943317000004754e+03 2.284679799999999972e+01
2.168952315000002272e+03 2.378986099999999837e+01
2.168971903999998176e+03 2.382903500000000108e+01
2.169887029000004986e+03 2.418715399999999960e+01
2.169905265000001236e+03 2.425143200000000121e+01
2.172935930999999982e+03 2.448457600000000056e+01
2.172954313000002003e+03 2.452059099999999958e+01
2.177870436000004702e+03 2.142227499999999907e+01
2.177913366000000678e+03 2.152959299999999843e+01
2.177914260999998078e+03 2.153139600000000087e+01
2.178913357000004908e+03 2.163111100000000064e+01
2.178916037000002689e+03 2.163631900000000030e+01
2.186846853000002739e+03 2.385157699999999892e+01
2.186865145000003395e+03 2.389624999999999844e+01
2.188855160999999498e+03 2.382686100000000096e+01
2.188870238000003155e+03 2.385034800000000033e+01
2.205798402000000351e+03 2.173469199999999901e+01
2.205816071000001102e+03 2.180053099999999944e+01
2.205845436000003247e+03 2.189566500000000104e+01
2.205872067000003881e+03 2.196977300000000000e+01
2.221774816000004648e+03 2.294432799999999872e+01
2.221789635000000999e+03 2.300259900000000002e+01
2.222763501000001270e+03 2.425020500000000112e+01
2.222781613999999536e+03 2.430799199999999871e+01
2.228777670000003127e+03 2.361856099999999969e+01
2.228795519999999669e+03 2.366029400000000038e+01
2.228807155000002240e+03 2.368329400000000007e+01
2.228822396000003209e+03 2.370856099999999955e+01
2.236794479000003776e+03 2.150433100000000053e+01
2.237814329000000726e+03 2.148876599999999826e+01
2.237816117000002123e+03 2.149021099999999862e+01
2.241704052000000956e+03 2.282313399999999959e+01
2.241722548000005190e+03 2.285272099999999895e+01
2.241737507999998343e+03 2.287778399999999834e+01
2.241750661999998556e+03 2.289922299999999922e+01
2.241757950999999593e+03 2.291052600000000083e+01
2.241775172000001476e+03 2.293483499999999964e+01
2.241829718000000867e+03 2.298132800000000131e+01
2.241852823000001081e+03 2.298456200000000038e+01
2.242681946000004245e+03 2.371258600000000172e+01
2.243725702000003366e+03 2.370894399999999891e+01
2.243739779000003182e+03 2.372842199999999835e+01
2.259626846999999543e+03 2.132449300000000036e+01
2.261694448000002012e+03 2.103279099999999957e+01
2.264750531000005140e+03 2.197671599999999970e+01
2.264771282000001520e+03 2.199255899999999997e+01
2.267630066000005172e+03 2.133921399999999835e+01
2.267676217000000179e+03 2.145577799999999868e+01
2.267678002000000561e+03 2.145929900000000146e+01
2.270633130000001984e+03 2.367484200000000172e+01
2.270784625000000233e+03 2.310688599999999937e+01
2.270785529000000679e+03 2.311011399999999938e+01
2.270802216000003682e+03 2.308720399999999984e+01
2.270803121000004467e+03 2.309676599999999880e+01
2.274624184000000241e+03 2.417070700000000016e+01
2.274645375000000058e+03 2.423442100000000110e+01
2.280607029999999213e+03 2.287847500000000167e+01
2.280608372000002419e+03 2.294407500000000155e+01
2.280612853999999061e+03 2.296164999999999878e+01
2.280613301000004867e+03 2.290796900000000136e+01
2.283622041000002355e+03 2.310434499999999858e+01
2.288576399999998102e+03 2.264044000000000167e+01
2.288590304000004835e+03 2.269116599999999906e+01
2.290591769999999087e+03 2.253872600000000048e+01
2.290604951000001165e+03 2.257819999999999894e+01
2.291561200000003737e+03 2.110878500000000102e+01
2.291568361000005098e+03 2.127954199999999929e+01
2.291570148999999219e+03 2.128486600000000095e+01
2.291577761000000464e+03 2.130659700000000001e+01
2.291617581999998947e+03 2.139763999999999911e+01
2.292556557000003522e+03 2.187838500000000153e+01
2.292557897999999113e+03 2.184667200000000165e+01
2.292570608000001812e+03 2.214746799999999993e+01
2.292571055000000342e+03 2.210657199999999989e+01
2.292584609999998065e+03 2.218627199999999888e+01
2.292598190000004251e+03 2.221934500000000057e+01
2.292611323000004631e+03 2.222493700000000061e+01
2.292612220000002708e+03 2.224896499999999833e+01
2.292634490000004007e+03 2.228672100000000000e+01
2.292635386000001745e+03 2.227643199999999979e+01
2.292681771000003209e+03 2.233757599999999854e+01
2.292706622999998217e+03 2.235057000000000116e+01
2.295566502000001492e+03 2.146076400000000106e+01
2.300584079000000202e+03 2.427930800000000033e+01
2.300602495999999519e+03 2.432501399999999947e+01
2.300610645000000659e+03 2.434232899999999944e+01
2.300625141000004078e+03 2.425553899999999885e+01
2.329644731000000320e+03 2.417861200000000110e+01
2.329645178999999189e+03 2.413722299999999876e+01
2.329756503000004159e+03 2.314250799999999941e+01
2.329756948000002012e+03 2.311543299999999945e+01
2.335648096000004443e+03 2.408131399999999900e+01
2.335669353000004776e+03 2.405001999999999995e+01
2.342610812999999325e+03 2.491571400000000125e+01
2.342633331000004546e+03 2.488488800000000012e+01
2.343687973000000056e+03 2.330308000000000135e+01
2.343705695000004198e+03 2.325731199999999887e+01
2.347632830000002286e+03 2.357416399999999967e+01
2.347648774000001140e+03 2.354699199999999948e+01
2.360665205000004789e+03 2.423869699999999838e+01
2.375621511000004830e+03 2.374508200000000002e+01
2.377621587000001455e+03 2.312565000000000026e+01
2.509959326000003784e+03 2.298579499999999953e+01
2.509976520000003802e+03 2.304634499999999875e+01
2.509978763999999501e+03 2.163946200000000175e+01
2.511988558000004559e+03 2.177149700000000010e+01
2.512995220000004338e+03 2.195883099999999999e+01
2.515942283000003954e+03 2.431466100000000097e+01
2.515967703000002075e+03 2.440304700000000082e+01
2.516927479999998468e+03 2.426428800000000052e+01
2.516940313999999489e+03 2.431839000000000084e+01
2.529983242000002065e+03 2.450618400000000108e+01
2.530937055000002147e+03 2.160648899999999983e+01
2.532940661000000546e+03 2.166607199999999978e+01
2.532942003000003751e+03 2.165416700000000105e+01
2.532948255000002973e+03 2.166636499999999899e+01
2.532948703000001842e+03 2.168299800000000133e+01
2.532957663000001048e+03 2.170020699999999891e+01
2.532958109999999579e+03 2.168399799999999900e+01
2.533910334000000148e+03 2.189548900000000131e+01
2.533910780999998678e+03 2.187957700000000116e+01
2.533927661000001535e+03 2.196425599999999889e+01
2.533928108000000066e+03 2.194364200000000054e+01
2.535936866000003647e+03 2.147729599999999905e+01
2.535937314000002516e+03 2.149350400000000150e+01
2.535940894999999728e+03 2.148499299999999934e+01
2.535941341999998258e+03 2.150173300000000154e+01
2.536903289000001678e+03 2.217230500000000148e+01
2.536903736000000208e+03 2.217305199999999843e+01
2.536916830000001937e+03 2.222055599999999842e+01
2.536922094000001380e+03 2.223244400000000098e+01
2.537960363999998663e+03 2.304572200000000137e+01
2.537961711000003561e+03 2.303902899999999931e+01
2.537976681000000099e+03 2.307135500000000050e+01
2.537978032999999414e+03 2.307120099999999852e+01
2.537984313000000839e+03 2.308124799999999865e+01
2.537986564999999246e+03 2.308544600000000102e+01
2.542958966999998665e+03 2.430372099999999946e+01
2.542974889000004623e+03 2.431837900000000019e+01
2.546914708000003884e+03 2.351104799999999884e+01
2.546915156000002753e+03 2.348423800000000128e+01
2.546920571000002383e+03 2.352981600000000029e+01
2.546921019000001252e+03 2.350169400000000053e+01
2.547874061000002257e+03 2.407463500000000067e+01
2.547874508000000787e+03 2.406289900000000159e+01
2.547892548000003444e+03 2.413786899999999847e+01
2.547896597999999358e+03 2.413149900000000159e+01
2.549854231000004802e+03 2.429240899999999925e+01
2.549854677000002994e+03 2.430320400000000092e+01
2.549870619000001170e+03 2.436521400000000170e+01
2.549871065999999701e+03 2.435289500000000018e+01
2.550850364999998419e+03 2.451973600000000175e+01
2.550864184999998542e+03 2.457469700000000046e+01
2.556865334000001894e+03 2.363815800000000067e+01
2.556877852999998140e+03 2.366935099999999892e+01
2.561820353000002797e+03 2.160164599999999879e+01
2.563842951999999059e+03 2.173899199999999965e+01
2.563844292000001587e+03 2.172960499999999939e+01
2.563847872999998799e+03 2.173766799999999932e+01
2.563849213000001328e+03 2.175416200000000089e+01
2.565842541999998502e+03 2.174054999999999893e+01
2.565843882000001031e+03 2.175706100000000021e+01
2.565848350000000210e+03 2.175303399999999954e+01
2.565849691000003077e+03 2.177030399999999943e+01
2.565850582999999460e+03 2.177227099999999993e+01
2.565851925000002666e+03 2.176036099999999962e+01
2.566853796000003058e+03 2.167290900000000065e+01
2.566854243000001588e+03 2.168932699999999869e+01
2.566864958999998635e+03 2.169309399999999854e+01
2.566865406000004441e+03 2.171089600000000175e+01
2.569807001000001037e+03 2.297609999999999886e+01
2.569827766000002157e+03 2.301286599999999893e+01
2.569835956000002625e+03 2.302657900000000168e+01
2.569852734000000055e+03 2.305361200000000110e+01
2.582761008000001311e+03 2.421261399999999853e+01
2.582781161999999313e+03 2.428587800000000030e+01
2.587754633000004105e+03 2.243215999999999966e+01
2.587771820000001753e+03 2.249932199999999938e+01
2.589745437999998103e+03 2.208650499999999894e+01
2.589762973000004422e+03 2.214424999999999955e+01
2.590764012999999977e+03 2.170885900000000035e+01
2.590765801000001375e+03 2.171276399999999995e+01
2.593747568999999203e+03 2.151669300000000007e+01
2.593771799000001920e+03 2.156812899999999900e+01
2.596929545999999391e+03 2.334551400000000143e+01
2.596953107000001182e+03 2.331411500000000103e+01
2.602744688999999198e+03 2.432978699999999961e+01
2.602761428999998316e+03 2.437387599999999921e+01
2.603750017999998818e+03 2.307412800000000175e+01
2.603751804999999877e+03 2.301363699999999923e+01
2.603755381000002671e+03 2.308975399999999922e+01
2.603756278000000748e+03 2.302827399999999969e+01
2.604731990000000224e+03 2.323285999999999873e+01
2.607689183000002231e+03 2.363766499999999837e+01
2.607707395000004908e+03 2.370138899999999893e+01
2.609697465000004740e+03 2.414135900000000134e+01
2.609720180000003893e+03 2.421558800000000033e+01
2.610712440000002971e+03 2.339847500000000124e+01
2.610733015999998315e+03 2.345598499999999831e+01
2.611702703000002657e+03 2.379606499999999869e+01
2.611720990000001621e+03 2.387755299999999892e+01
2.625667031000004499e+03 2.342999800000000121e+01
2.625687770000004093e+03 2.342822200000000166e+01
2.626669795000001614e+03 2.373333399999999926e+01
2.626687219999999797e+03 2.356615199999999888e+01
2.629665957000004710e+03 2.419807600000000036e+01
2.629689237999999023e+03 2.426509700000000080e+01
2.630670232000004034e+03 2.317040599999999984e+01
2.630688728000000992e+03 2.321675799999999867e+01
2.633640958000003593e+03 2.286756300000000053e+01
2.633646333000004233e+03 2.288872699999999938e+01
2.635621677000002819e+03 2.292834999999999823e+01
2.638629275999999663e+03 2.428084899999999990e+01
2.638645080000002054e+03 2.432987299999999919e+01
2.641618447000000742e+03 2.314635600000000082e+01
2.641629968000001099e+03 2.318582800000000077e+01
2.645620448000001488e+03 2.228233799999999931e+01
2.645641323000003467e+03 2.233828899999999962e+01
2.647575511000002734e+03 2.147787699999999944e+01
2.647575958000001265e+03 2.147445099999999840e+01
2.647584952000004705e+03 2.150497800000000126e+01
2.647585399000003235e+03 2.149908299999999883e+01
2.647609673999999359e+03 2.155353699999999861e+01
2.647610122999998566e+03 2.156673199999999824e+01
2.647626682000001892e+03 2.158456299999999928e+01
2.647632208000002720e+03 2.159345300000000023e+01
2.657551019999998971e+03 2.194627499999999998e+01
2.657564535999998043e+03 2.197437400000000096e+01
2.660551623999999720e+03 2.147942799999999863e+01
2.660565175000003364e+03 2.151043500000000108e+01
2.662575305999998818e+03 2.377800200000000075e+01
2.662587828000003356e+03 2.381350600000000028e+01
2.665554299000003084e+03 2.188487299999999891e+01
2.665565562000003411e+03 2.190749500000000083e+01
2.668558085000004212e+03 2.182583299999999937e+01
2.668579722000002221e+03 2.350041999999999831e+01
2.668596490000003541e+03 2.353289799999999943e+01
2.674571503999999550e+03 2.194958700000000107e+01
2.674590575000001991e+03 2.246554599999999979e+01
2.693635657999999239e+03 2.304878499999999875e+01
2.713656822000004468e+03 2.337976000000000099e+01
2.713676547000002756e+03 2.320611800000000002e+01
2.713694054999999935e+03 2.311443799999999982e+01
2.713710280999999668e+03 2.301192899999999852e+01
2.720603706000001694e+03 2.338526500000000041e+01
2.720624754000004032e+03 2.334388999999999825e+01
2.881944583000004059e+03 2.429326400000000064e+01
2.881960133000000496e+03 2.434960399999999936e+01
2.884945002000000386e+03 2.181219099999999855e+01
2.885937740000001213e+03 2.182554700000000025e+01
2.885940421999999671e+03 2.183189000000000135e+01
2.885947581000000355e+03 2.184808299999999903e+01
2.885952522999999928e+03 2.185863399999999857e+01
2.891945616000004520e+03 2.236880000000000024e+01
2.891960073000002012e+03 2.241164500000000004e+01
2.893955031000004965e+03 2.332888499999999965e+01
2.893959057000000030e+03 2.336939399999999978e+01
2.893972844000003533e+03 2.337332400000000021e+01
2.893976049000004423e+03 2.340228700000000117e+01
2.895973694000000251e+03 2.334444600000000136e+01
2.897984421000001021e+03 2.391359200000000129e+01
2.900928855999998632e+03 2.362784999999999869e+01
2.900929302000004100e+03 2.359461800000000054e+01
2.900940712000003259e+03 2.362687599999999932e+01
2.900942967000002682e+03 2.366066000000000003e+01
2.901920839999998861e+03 2.382790999999999926e+01
2.901921287000004668e+03 2.379214999999999947e+01
2.901940006000004360e+03 2.387386700000000062e+01
2.901942244999998366e+03 2.385171199999999914e+01
2.903886335000002873e+03 2.370964199999999877e+01
2.903896554999999353e+03 2.374331600000000009e+01
2.904894870000003721e+03 2.425151699999999977e+01
2.904912647000004654e+03 2.430397400000000019e+01
2.904915821000002325e+03 2.431241699999999994e+01
2.904942052999998850e+03 2.437196399999999841e+01
2.908884052000001248e+03 2.384673099999999835e+01
2.908901482000001124e+03 2.390745899999999935e+01
2.909881332000004477e+03 2.435340599999999966e+01
2.909882673000000068e+03 2.440502700000000047e+01
2.909901314000002458e+03 2.442225900000000038e+01
2.909907545000001846e+03 2.447319099999999992e+01
2.911858449999999721e+03 2.365581500000000048e+01
2.911859791000002588e+03 2.362505099999999914e+01
2.911872065000003204e+03 2.367638799999999932e+01
2.911873405999998795e+03 2.373027799999999843e+01
2.915894673000002513e+03 2.126355600000000123e+01
2.917845335999998497e+03 2.108507900000000035e+01
2.918885761000005004e+03 2.194528199999999885e+01
2.918901774999998452e+03 2.199117999999999995e+01
2.920942866000004869e+03 2.188138299999999958e+01
2.920948705000002519e+03 2.188289800000000085e+01
2.921827264999999898e+03 2.292545499999999947e+01
2.921839804000002914e+03 2.296823900000000052e+01
2.921841145999998844e+03 2.291448799999999864e+01
2.921856564000001526e+03 2.297012199999999993e+01
2.921857905000004394e+03 2.302349900000000105e+01
2.921861487000001944e+03 2.298660399999999981e+01
2.921873824000002060e+03 2.306575899999999990e+01
2.921877877999999328e+03 2.303700999999999866e+01
2.923888455000000249e+03 2.356755899999999926e+01
2.923911850000004051e+03 2.360190300000000008e+01
2.931803209000005154e+03 2.342296500000000137e+01
2.931804121000001032e+03 2.337045399999999873e+01
2.931818685999998706e+03 2.342823900000000137e+01
2.931819133000004513e+03 2.347730900000000176e+01
2.935805314000004728e+03 2.411338299999999890e+01
2.935823005999998713e+03 2.417218799999999845e+01
2.935826173000001290e+03 2.418169200000000174e+01
2.935843348000002152e+03 2.422808600000000112e+01
2.954750814999999420e+03 2.349187600000000131e+01
2.954772761000000173e+03 2.357007400000000175e+01
2.958935642000004009e+03 2.298879300000000114e+01
2.959862868000003800e+03 2.326380500000000140e+01
2.960732155000005150e+03 2.398078800000000044e+01
2.960750044000000344e+03 2.404292299999999827e+01
2.961726252000000386e+03 2.414886299999999864e+01
2.961742401000003156e+03 2.420706699999999856e+01
2.965725342999998247e+03 2.370755799999999880e+01
2.965725790000004054e+03 2.369721499999999992e+01
2.965744780000000901e+03 2.377650300000000172e+01
2.965746119000003091e+03 2.376343900000000176e+01
2.967753404000002774e+03 2.381001399999999890e+01
2.967754743000004964e+03 2.379919599999999846e+01
2.967775493000001006e+03 2.391286799999999957e+01
2.967777745999999752e+03 2.389322999999999908e+01
2.972701171000000613e+03 2.223012400000000000e+01
2.972716423999998369e+03 2.227910999999999930e+01
2.972727673000001232e+03 2.231152499999999961e+01
2.972743472000001930e+03 2.235199499999999873e+01
2.974760057999999844e+03 2.166207800000000105e+01
2.974763199000000895e+03 2.166590899999999920e+01
2.975681649999998626e+03 2.126651700000000034e+01
2.975729236999999557e+03 2.137682500000000019e+01
2.977722257000001264e+03 2.203471700000000055e+01
2.977739886000003025e+03 2.206805900000000165e+01
2.988675387000002956e+03 2.277922600000000131e+01
2.988683021000004373e+03 2.280698999999999899e+01
2.988685257000004640e+03 2.281469299999999834e+01
3.003743820000003325e+03 2.173761899999999869e+01
3.008615255000004254e+03 2.368919999999999959e+01
3.008630453999998281e+03 2.344714199999999948e+01
3.015612893999998050e+03 2.435140699999999825e+01
3.015633405000000494e+03 2.440517300000000134e+01
3.016625976000002993e+03 2.294619499999999945e+01
3.016635027000003902e+03 2.297347999999999857e+01
3.018608890000003157e+03 2.460195699999999874e+01
3.018623298999998951e+03 2.464201699999999917e+01
3.020605801000005158e+03 2.337396199999999880e+01
3.020620754000003217e+03 2.341090799999999916e+01
3.021574315999998362e+03 2.341885399999999962e+01
3.021574765000004845e+03 2.347939900000000080e+01
3.021588325000004261e+03 2.352103599999999872e+01
3.021588775000003807e+03 2.346693000000000140e+01
3.029577547000000777e+03 2.164454500000000081e+01
3.029600801000000502e+03 2.168815199999999876e+01
3.030556029999999737e+03 2.184701599999999999e+01
3.030568151999999827e+03 2.187107699999999966e+01
3.030598408999998355e+03 2.227869600000000005e+01
3.030613151000005018e+03 2.230668000000000006e+01
3.031590893000000506e+03 2.159739799999999832e+01
3.059581745000003139e+03 2.224741699999999867e+01
3.059602683000004617e+03 2.272385999999999839e+01
3.073648924000000989e+03 2.428091699999999875e+01
3.073660366000003705e+03 2.425954199999999972e+01
3.073681234000003315e+03 2.421223099999999917e+01
3.073696253000001889e+03 2.417222800000000049e+01
3.077613291000001482e+03 2.319344200000000100e+01
3.085695834999998624e+03 2.298036600000000007e+01
3.233984772000003431e+03 2.162799100000000152e+01
3.240990534000004118e+03 2.136653300000000044e+01
3.241955027000003611e+03 2.146502800000000022e+01
3.241955921000000671e+03 2.146753700000000009e+01
3.243951166999999259e+03 2.210649300000000039e+01
3.243971560999998474e+03 2.218693000000000026e+01
3.245961104000001797e+03 2.241309700000000049e+01
3.245980315000000701e+03 2.199182800000000171e+01
3.247989871000005223e+03 2.211489999999999867e+01
3.248966898999999103e+03 2.325811099999999954e+01
3.248983589000003121e+03 2.184237999999999857e+01
3.251962057000004279e+03 2.453238199999999836e+01
3.251975656000002346e+03 2.457251099999999866e+01
3.255939199000000372e+03 2.440226300000000137e+01
3.255961853000000701e+03 2.446419500000000014e+01
3.268921001000002434e+03 2.139853600000000000e+01
3.268921892999998818e+03 2.140043299999999959e+01
3.271868438999998034e+03 2.158912499999999923e+01
3.271872926000003645e+03 2.160203900000000132e+01
3.272867557000005036e+03 2.162941599999999909e+01
3.273896503000003577e+03 2.249400899999999837e+01
3.273916626999998698e+03 2.255014299999999849e+01
3.273928260000000591e+03 2.257825899999999919e+01
3.273945670000000973e+03 2.261469900000000166e+01
3.280857077000000572e+03 2.360479700000000136e+01
3.280872986000002129e+03 2.363919800000000038e+01
3.280879734000001918e+03 2.365817099999999940e+01
3.280897303999998257e+03 2.369783999999999935e+01
3.288891212000002270e+03 2.323797000000000068e+01
3.288902851999999257e+03 2.326151700000000133e+01
3.292877835999999661e+03 2.424022400000000133e+01
3.292898291999998037e+03 2.428143400000000085e+01
3.292915718000003835e+03 2.430848500000000101e+01
3.292941763000002538e+03 2.433558899999999880e+01
3.297829744000002393e+03 2.238419499999999829e+01
3.297844370999999228e+03 2.243972199999999972e+01
3.300887742999999318e+03 2.183451200000000014e+01
3.300898372000003292e+03 2.184515999999999991e+01
3.301798116999998456e+03 2.196530500000000075e+01
3.301818687999999383e+03 2.203913100000000114e+01
3.309846047999999428e+03 2.440708000000000055e+01
3.309866840000002412e+03 2.440647399999999934e+01
3.314810831000002509e+03 2.368885500000000022e+01
3.314825131999998121e+03 2.372052899999999909e+01
3.318797440000002098e+03 2.436917299999999997e+01
3.318801018999998632e+03 2.434966800000000120e+01
3.318815726000000723e+03 2.440223800000000054e+01
3.318818551000003936e+03 2.438730999999999938e+01
3.322793870000001334e+03 2.412736800000000059e+01
3.322811364000001049e+03 2.416413700000000020e+01
3.323783548999999766e+03 2.324645999999999901e+01
3.323798904000002949e+03 2.336584799999999973e+01
3.325725600000005215e+03 2.147145700000000090e+01
3.325743027000004076e+03 2.152098799999999912e+01
3.325748011000003316e+03 2.153381900000000115e+01
3.327724712000002910e+03 2.162074000000000140e+01
3.327725159000001440e+03 2.158102399999999932e+01
3.327757800999999745e+03 2.166416699999999906e+01
3.327758246000004874e+03 2.169177000000000177e+01
3.327763609000001452e+03 2.167649099999999862e+01
3.327764055999999982e+03 2.170178999999999903e+01
3.329783583000004000e+03 2.148679100000000020e+01
3.339703531999999541e+03 2.349172199999999933e+01
3.339717977000000246e+03 2.354162200000000027e+01
3.340695363999999245e+03 2.360966700000000174e+01
3.340706739000001107e+03 2.365156199999999842e+01
3.342716019999999844e+03 2.386812899999999971e+01
3.342743073000005097e+03 2.394310899999999975e+01
3.346672675000001618e+03 2.394378199999999879e+01
3.346687769000003755e+03 2.399431900000000084e+01
3.349670690999999351e+03 2.348924900000000093e+01
3.349685167000003275e+03 2.347152399999999872e+01
3.357739429000001110e+03 2.159488899999999845e+01
3.358641584000004514e+03 2.138954199999999872e+01
3.358659068000000843e+03 2.143257699999999843e+01
3.358664435999999114e+03 2.144439300000000159e+01
3.358669359999999870e+03 2.145468500000000134e+01
3.359632926999998745e+03 2.152282699999999949e+01
3.359640542000001005e+03 2.154354100000000116e+01
3.360807743000004848e+03 2.242238100000000145e+01
3.360825991000005160e+03 2.241362000000000165e+01
3.364633236000001489e+03 2.437197099999999850e+01
3.364651475999999093e+03 2.444209000000000032e+01
3.370635086000002048e+03 2.327825400000000045e+01
3.370638676000002306e+03 2.329083500000000129e+01
3.370649427000003925e+03 2.332563000000000031e+01
3.371604205000003276e+03 2.296075099999999836e+01
3.373615544000000227e+03 2.420054299999999969e+01
3.373636177000000316e+03 2.426687899999999942e+01
3.387587659000004351e+03 2.118034499999999909e+01
3.387598846000000776e+03 2.120680099999999868e+01
3.391578183999998146e+03 2.464395800000000136e+01
3.391597410000002128e+03 2.445302200000000070e+01
3.392595071000003372e+03 2.307901199999999875e+01
3.392612688000001071e+03 2.311375500000000116e+01
3.393584380000000237e+03 2.399144400000000132e+01
3.393602147000005061e+03 2.403073600000000098e+01
3.395566213999998581e+03 2.195602999999999838e+01
3.399560046999999031e+03 2.181910999999999845e+01
3.399561388000001898e+03 2.183291900000000041e+01
3.399569516000003205e+03 2.183575300000000041e+01
3.403559298000000126e+03 2.191604399999999941e+01
3.403560641000003670e+03 2.193098600000000076e+01
3.404566388999999617e+03 2.213439100000000082e+01
3.404566836999998486e+03 2.212132599999999982e+01
3.430572489999998652e+03 2.141954000000000136e+01
3.430572938000004797e+03 2.140026299999999893e+01
3.430586091000004672e+03 2.256718299999999999e+01
3.430586540000003879e+03 2.253643399999999986e+01
3.431610697000003711e+03 2.306487900000000124e+01
3.431611146000002918e+03 2.302420499999999848e+01
3.467618396999998367e+03 2.374196500000000043e+01
3.467636448000004748e+03 2.369126199999999827e+01
