2.280608372000002419e+03 2.294407500000000155e+01
2.280612853999999061e+03 2.296164999999999878e+01
1.424951462000004540e+03 2.331357699999999866e+01
1.128773851999998442e+03 2.309200200000000081e+01
1.128780120000003080e+03 2.311170900000000117e+01
2.546915156000002753e+03 2.348423800000000128e+01
1.895661670000001322e+03 2.301065600000000089e+01
2.546921019000001252e+03 2.350169400000000053e+01
1.895668836000004376e+03 2.304164400000000157e+01
1.895684519000002183e+03 2.310233900000000062e+01
2.603750017999998818e+03 2.307412800000000175e+01
2.603755381000002671e+03 2.308975399999999922e+01
2.988683021000004373e+03 2.280698999999999899e+01
2.988685257000004640e+03 2.281469299999999834e+01
8.026923080000051414e+02 2.312827599999999961e+01
2.988675387000002956e+03 2.277922600000000131e+01
1.526801340000019991e+02 2.339431799999999839e+01
2.958935642000004009e+03 2.298879300000000114e+01
2.604731990000000224e+03 2.323285999999999873e+01
2.633640958000003593e+03 2.286756300000000053e+01
2.633646333000004233e+03 2.288872699999999938e+01
2.635621677000002819e+03 2.292834999999999823e+01
1.128772956000000704e+03 2.311172200000000032e+01
1.128777889000004507e+03 2.312891199999999969e+01
2.546920571000002383e+03 2.352981600000000029e+01
1.895671972000003734e+03 2.307612800000000064e+01
2.546914708000003884e+03 2.351104799999999884e+01
1.895667046000002301e+03 2.305414899999999889e+01
1.895661223000002792e+03 2.302677100000000010e+01
3.431610697000003711e+03 2.306487900000000124e+01
2.959862868000003800e+03 2.326380500000000140e+01
2.283622041000002355e+03 2.310434499999999858e+01
1.187585262000000512e+03 2.308055699999999888e+01
1.187595605000002251e+03 2.312660899999999842e+01
1.187589290000003530e+03 2.309904300000000177e+01
1.838811134000003221e+03 2.301601300000000094e+01
3.370649427000003925e+03 2.332563000000000031e+01
3.370638676000002306e+03 2.329083500000000129e+01
3.370635086000002048e+03 2.327825400000000045e+01
3.431611146000002918e+03 2.302420499999999848e+01
7.438048100000014529e+02 2.306062199999999862e+01
7.437994279999984428e+02 2.303587599999999824e+01
1.511744661000004271e+03 2.309345100000000173e+01
1.511741078999999445e+03 2.308160300000000120e+01
3.918800600000031409e+02 2.354937800000000081e+01
4.546983479999980773e+02 2.336792399999999859e+01
3.371604205000003276e+03 2.296075099999999836e+01
8.906071660000015981e+02 2.373656300000000030e+01
4.236776549999995041e+02 2.309638800000000103e+01
2.160966907000001811e+03 2.295425399999999883e+01
1.191615578000004462e+03 2.281796299999999889e+01
7.458151460000008228e+02 2.288217200000000062e+01
9.661409300000377698e+01 2.324985300000000166e+01
6.969636900000477908e+01 2.314096299999999928e+01
1.897658823000005214e+03 2.291024699999999825e+01
3.967839280000043800e+02 2.323609899999999939e+01
1.424951013999998395e+03 2.325259099999999890e+01
2.280613301000004867e+03 2.290796900000000136e+01
2.280607029999999213e+03 2.287847500000000167e+01
1.629675607000004675e+03 2.293820300000000145e+01
1.897659270000003744e+03 2.289304399999999973e+01
3.967866250000006403e+02 2.315158200000000122e+01
3.016625976000002993e+03 2.294619499999999945e+01
3.016635027000003902e+03 2.297347999999999857e+01
1.513709726000000956e+03 2.303221999999999881e+01
2.166943317000004754e+03 2.284679799999999972e+01
1.544645726000002469e+03 2.311538399999999882e+01
2.603751804999999877e+03 2.301363699999999923e+01
2.603756278000000748e+03 2.302827399999999969e+01
3.077613291000001482e+03 2.319344200000000100e+01
2.221774816000004648e+03 2.294432799999999872e+01
2.221789635000000999e+03 2.300259900000000002e+01
1.806974572999999509e+03 2.318447799999999859e+01
1.807914776000005077e+03 2.289085100000000139e+01
2.693635657999999239e+03 2.304878499999999875e+01
