1.053070660999997926e+03 2.230864800000000159e+01
1.920649081000003207e+03 2.174711800000000039e+01
1.038075640000002750e+03 2.195749899999999855e+01
3.267956393000000389e+03 2.223482500000000073e+01
3.440718687000000500e+03 2.233820000000000050e+01
1.055032326000000467e+03 2.250472500000000053e+01
1.055071542999998201e+03 2.222779500000000041e+01
1.925654842000003555e+03 2.156006100000000103e+01
2.359683179999999993e+03 2.188334299999999999e+01
1.055020004999998491e+03 2.242577400000000054e+01
1.924635652000004484e+03 2.145573500000000067e+01
1.924649172999997973e+03 2.151229800000000125e+01
3.440701434000002337e+03 2.241599499999999878e+01
1.925636007000000973e+03 2.148630400000000051e+01
1.055053149999999732e+03 2.261724800000000002e+01
1.544666784000000916e+03 2.247906899999999908e+01
1.544682620999999926e+03 2.258014999999999972e+01
8.697371940000011818e+02 2.225297399999999826e+01
8.697561600000044564e+02 2.219115700000000047e+01
2.617923770000001241e+03 2.239540799999999976e+01
2.617948716999999306e+03 2.234242400000000117e+01
1.592658954999998969e+03 2.206156899999999865e+01
1.545746069000000716e+03 2.248569900000000032e+01
2.196898191000000224e+03 2.257157199999999975e+01
1.159738477999999304e+03 2.275103299999999962e+01
2.196915258000000904e+03 2.269833500000000015e+01
2.896079562999999325e+03 2.207324799999999954e+01
1.545727935000002617e+03 2.242520199999999875e+01
1.159754532999999356e+03 2.284840600000000066e+01
1.169846557000004395e+03 2.243724699999999928e+01
1.169860556999999972e+03 2.243121000000000009e+01
2.262942747000000963e+03 2.224252500000000055e+01
2.262917187999999442e+03 2.232619599999999949e+01
9.365545099999872036e+01 2.288492899999999963e+01
2.262802896000001056e+03 2.239420600000000050e+01
2.262812399000002188e+03 2.240505800000000036e+01
2.262955348000003141e+03 2.218998200000000054e+01
2.262895251000001736e+03 2.237572600000000023e+01
3.386636913000002096e+03 2.166129700000000113e+01
2.735698347999998077e+03 2.185974300000000170e+01
3.386650402999999642e+03 2.171409999999999840e+01
2.735678952000002027e+03 2.193895799999999952e+01
3.054722415000003821e+03 2.240370700000000070e+01
3.054700111999998626e+03 2.243021600000000149e+01
2.906962293000004138e+03 2.224743399999999838e+01
2.906945914000003540e+03 2.209596700000000169e+01
1.595672564000000420e+03 2.362433300000000003e+01
1.595658252000001085e+03 2.243459899999999863e+01
2.199906791000001249e+03 2.201673100000000005e+01
2.199923175000003539e+03 2.209941399999999945e+01
9.763581300000078045e+01 2.173783799999999999e+01
9.765840200000093319e+01 2.239194900000000032e+01
5.085208499999862397e+01 2.292326900000000123e+01
5.087602899999910733e+01 2.284770400000000024e+01
2.655654332999998587e+03 2.159330299999999880e+01
2.655638513999998395e+03 2.153115800000000135e+01
5.089186300000437768e+01 2.272550400000000081e+01
5.086618099999759579e+01 2.290340700000000140e+01
2.656640208999997412e+03 2.163307199999999852e+01
3.240790229999984149e+02 2.219142099999999829e+01
1.486754100000034668e+02 2.220553500000000113e+01
3.390040789999984554e+02 2.267804100000000034e+01
2.290839525000003050e+03 2.215288400000000024e+01
2.523019637999997940e+03 2.299652800000000141e+01
1.347004769999985001e+02 2.304174599999999984e+01
3.390648636999998416e+03 2.197305899999999923e+01
2.290854954000002181e+03 2.210574599999999990e+01
3.390208150000034948e+02 2.271489800000000159e+01
2.523002386000000115e+03 2.290951799999999849e+01
1.347203139999983250e+02 2.290378300000000067e+01
1.428993324000002758e+03 2.225688299999999842e+01
3.382824527000004309e+03 2.224104900000000029e+01
3.382808615000001737e+03 2.225881400000000099e+01
3.382841164999998000e+03 2.221263300000000029e+01
7.789334369999996852e+02 2.248696699999999993e+01
1.405066889000001538e+03 2.181503000000000014e+01
3.382793065999998362e+03 2.226773999999999987e+01
7.789199230000012903e+02 2.246277900000000116e+01
2.262942299000002095e+03 2.227109899999999953e+01
2.262916740000000573e+03 2.234691099999999864e+01
2.262820863000000827e+03 2.241336499999999887e+01
2.262803794999999809e+03 2.239378100000000060e+01
2.262894803000002867e+03 2.239079900000000123e+01
2.262955795000001672e+03 2.221921100000000138e+01
1.431090392999998585e+03 2.166557500000000047e+01
7.819164850000015576e+02 2.227964199999999906e+01
7.819005489999981364e+02 2.227548699999999826e+01
2.966795129999998608e+03 2.218085500000000110e+01
2.966820713000000978e+03 2.231512999999999991e+01
1.486749620000045979e+02 2.221554899999999932e+01
3.386636467000003904e+03 2.165358300000000114e+01
3.386649955000000773e+03 2.170756300000000039e+01
5.089327900000353111e+01 2.272390499999999847e+01
5.085526599999866448e+01 2.291712899999999919e+01
5.087652900000102818e+01 2.284398300000000148e+01
5.086938999999983935e+01 2.289864299999999986e+01
2.304641108000003442e+03 2.190024000000000015e+01
2.304660013000000617e+03 2.194404600000000016e+01
1.346752600000036182e+02 2.307864100000000107e+01
1.347321389999997336e+02 2.290138800000000074e+01
2.290650785999998334e+03 2.183513999999999911e+01
1.346559489999999641e+02 2.230473200000000134e+01
1.347481679999982589e+02 2.283398599999999945e+01
2.290855401000000711e+03 2.212737299999999863e+01
2.290639504999999190e+03 2.179052400000000134e+01
2.290839973000001919e+03 2.217064500000000038e+01
2.523019188999998732e+03 2.297429699999999997e+01
2.320659186000004411e+03 2.233972899999999839e+01
2.320678463000003831e+03 2.307275200000000126e+01
2.523002831999998307e+03 2.290911499999999990e+01
1.458986622000003990e+03 2.298847299999999905e+01
1.459981514999999490e+03 2.299699800000000138e+01
1.458967325999998138e+03 2.287829500000000138e+01
1.460002619999999297e+03 2.310523900000000097e+01
1.926637258000002475e+03 2.180663300000000149e+01
1.492994349000000511e+03 2.191303999999999874e+01
1.926651226000001770e+03 2.186012900000000059e+01
1.492972796000001836e+03 2.192367499999999936e+01
8.276401120000009541e+02 2.177597000000000094e+01
8.586563949999981560e+02 2.216607600000000033e+01
3.948495269999984885e+02 2.288240899999999911e+01
3.948265959999989718e+02 2.288687200000000033e+01
1.046082111000003351e+03 2.176002499999999884e+01
2.582891203999999561e+03 2.237033800000000028e+01
2.582914758999999322e+03 2.244780499999999890e+01
3.032640150999999605e+03 2.218159700000000001e+01
3.969213210000016261e+02 2.289610100000000159e+01
3.032658284000004642e+03 2.222835900000000109e+01
1.514784478000001400e+03 2.270493099999999842e+01
1.514800264999998035e+03 2.278915100000000038e+01
1.080959625000003143e+03 2.243831600000000037e+01
1.080976270999999542e+03 2.253440600000000060e+01
3.969016530000008061e+02 2.281756599999999935e+01
2.551934150000000955e+03 2.266233199999999925e+01
2.134070851000004041e+03 2.154884099999999947e+01
8.147557339999984833e+02 2.215863399999999928e+01
3.978419439999997849e+02 2.234309899999999871e+01
3.978186990000031074e+02 2.201865799999999851e+01
8.147724759999982780e+02 2.218521099999999890e+01
3.018665745999998762e+03 2.278999599999999859e+01
2.551945432000000437e+03 2.275451100000000082e+01
8.147417150000037509e+02 2.213064299999999918e+01
8.147614119999998366e+02 2.216852599999999995e+01
8.316568689999985509e+02 2.279384399999999999e+01
2.552931308999999601e+03 2.249351000000000056e+01
8.316379610000003595e+02 2.162490700000000032e+01
1.901862266000003729e+03 2.270128100000000160e+01
2.552915829999998095e+03 2.237959000000000032e+01
4.526954519999999320e+02 2.275014399999999881e+01
1.973677555000002030e+03 2.193759000000000015e+01
4.526801160000031814e+02 2.280595999999999890e+01
4.536644830000004731e+02 2.196732700000000094e+01
4.536775500000003376e+02 2.212165600000000154e+01
1.973659349000001384e+03 2.194716400000000078e+01
2.634709360000000743e+03 2.319324299999999894e+01
1.552864714000003005e+03 2.200068800000000024e+01
1.552817597000001115e+03 2.207749700000000104e+01
2.635713909999998577e+03 2.302430400000000077e+01
1.552803832999998122e+03 2.208481799999999851e+01
4.676573810000045341e+02 2.296304599999999851e+01
2.636720851999998558e+03 2.307614200000000082e+01
1.552837288000002445e+03 2.205547699999999978e+01
2.636702687999997579e+03 2.297941199999999995e+01
3.289910826999999699e+03 2.233489300000000100e+01
3.289929575000001932e+03 2.248611999999999966e+01
1.552883685000000696e+03 2.194532900000000097e+01
1.552850538999999117e+03 2.203264000000000067e+01
4.676415350000024773e+02 2.193220600000000076e+01
2.635698616000001493e+03 2.293410099999999829e+01
6.860813110000017332e+02 2.224133899999999997e+01
3.084697209999998449e+03 2.242390999999999934e+01
4.786624609999998938e+02 2.318164799999999914e+01
3.084683191000003717e+03 2.199166100000000057e+01
4.786456670000043232e+02 2.197008999999999901e+01
6.874951100000180304e+01 2.259775600000000040e+01
6.873592199999984587e+01 2.246180400000000077e+01
2.657654888000004576e+03 2.180380800000000008e+01
2.657641465000000608e+03 2.175534899999999894e+01
9.866889000000082888e+01 2.264460700000000060e+01
3.160805010000040056e+02 2.200685500000000161e+01
5.326749629999976605e+02 2.183680700000000030e+01
3.160596870000008494e+02 2.223988399999999999e+01
9.868375399999786168e+01 2.259838999999999842e+01
5.326881450000000768e+02 2.185130499999999998e+01
2.691669160999997985e+03 2.191485300000000080e+01
1.162759583999999450e+03 2.227814599999999956e+01
1.162743010999998660e+03 2.218582200000000171e+01
2.691655652000001282e+03 2.190739599999999854e+01
1.035071452000003774e+03 2.206013499999999894e+01
3.438680652000002738e+03 2.210832500000000067e+01
3.438660422000000835e+03 2.212540100000000010e+01
3.021650929000003089e+03 2.202968800000000016e+01
1.517865847000000940e+03 2.228602000000000061e+01
3.021636998000001768e+03 2.197473000000000098e+01
1.517844010000000708e+03 2.224556700000000120e+01
2.989737195000001520e+03 2.259148499999999871e+01
2.989749537000003329e+03 2.267248000000000019e+01
1.038077874000002339e+03 2.192700200000000166e+01
1.055042315999999119e+03 2.253629300000000057e+01
1.055056419000000460e+03 2.261505700000000019e+01
3.280081127999997989e+03 2.171767699999999834e+01
3.280096901000004436e+03 2.171000300000000038e+01
3.240060704000003170e+03 2.262332800000000077e+01
3.240074832999998762e+03 2.218185199999999924e+01
3.037652018000000680e+03 2.203797099999999887e+01
2.170037198999998509e+03 2.235269299999999859e+01
2.169985954000003403e+03 2.199854300000000151e+01
1.132817245999998704e+03 2.258879299999999901e+01
1.785022056000001612e+03 2.266609000000000052e+01
3.292986503000000084e+03 2.252623799999999932e+01
3.293008101999999781e+03 2.258020000000000138e+01
1.132831804000001284e+03 2.267742300000000100e+01
1.785044362000000547e+03 2.272299200000000141e+01
2.170025580000001355e+03 2.227586900000000014e+01
2.170000062999999500e+03 2.210151300000000063e+01
2.673672397000002093e+03 2.193310699999999969e+01
2.673653357000002870e+03 2.161740800000000107e+01
3.344778578999997990e+03 2.302343099999999865e+01
3.080758629999982077e+02 2.211907199999999918e+01
3.344766530000000785e+03 2.294182899999999847e+01
2.685656763999999384e+03 2.164017899999999983e+01
8.147738339999996242e+02 2.219386599999999987e+01
8.147380580000026384e+02 2.213429599999999908e+01
8.147533980000007432e+02 2.216396599999999850e+01
8.147623109999985900e+02 2.217848700000000051e+01
2.551933702000002086e+03 2.266837999999999909e+01
2.551974335999999312e+03 2.296406500000000150e+01
2.551958919000004244e+03 2.286566099999999935e+01
2.551945881999999983e+03 2.276643999999999934e+01
2.552931755999998131e+03 2.250571000000000055e+01
1.901861817000004521e+03 2.268029100000000042e+01
1.035071897000001627e+03 2.206818099999999916e+01
2.552916275000003225e+03 2.239392300000000091e+01
2.293649558000004617e+03 2.198498500000000178e+01
3.438660869999999704e+03 2.211631600000000120e+01
3.438680203000003530e+03 2.209749400000000108e+01
1.847969758999999613e+03 2.230092600000000047e+01
1.847992253000003984e+03 2.231855600000000095e+01
3.439863220000042929e+02 2.235197099999999892e+01
3.440097339999992982e+02 2.241479599999999905e+01
