2.666765589000002365e+03 2.312899499999999975e+01
1.788964100999997754e+03 2.352311299999999861e+01
1.164707241999996768e+03 2.328336300000000136e+01
1.164679211000002397e+03 2.311898000000000053e+01
1.788980655999999726e+03 2.361614199999999997e+01
1.148879591999997501e+03 2.313519399999999848e+01
1.148889556000001903e+03 2.313204199999999844e+01
1.148777327999996487e+03 2.303623899999999836e+01
1.148790303000001586e+03 2.305834799999999873e+01
2.658685523000000103e+03 2.319020599999999988e+01
2.658662456999998540e+03 2.313867799999999875e+01
2.902953947000001790e+03 2.383189300000000088e+01
1.817927317000001494e+03 2.344924999999999926e+01
2.902969937000001664e+03 2.389637400000000156e+01
1.600688075999998546e+03 2.392524600000000135e+01
1.817940289999998640e+03 2.367339799999999883e+01
1.600710520000000542e+03 2.388395399999999924e+01
2.358699617999998736e+03 2.334442599999999857e+01
2.358731648000000860e+03 2.302643300000000082e+01
2.358681724000001850e+03 2.368043099999999868e+01
1.503984951999998884e+03 2.279418099999999825e+01
1.504002462999997078e+03 2.274547000000000097e+01
4.197419519999966724e+02 2.343446099999999888e+01
1.503801274999997986e+03 2.276511299999999949e+01
1.503816699000002700e+03 2.279810799999999915e+01
4.197557279999964521e+02 2.330717599999999834e+01
1.535781869999998889e+03 2.326704499999999953e+01
1.535794126000000688e+03 2.327868199999999987e+01
1.519719636000001628e+03 2.315586199999999906e+01
1.519703724999999395e+03 2.305948199999999915e+01
1.102865032000001520e+03 2.346052999999999855e+01
1.102849753000002238e+03 2.337969400000000064e+01
6.939823140000007697e+02 2.378471299999999999e+01
6.939705860000030953e+02 2.372242800000000074e+01
2.607765318999998271e+03 2.357202699999999851e+01
2.607783070999998017e+03 2.363700599999999952e+01
3.429718222000003152e+03 2.312677700000000058e+01
3.429733790999998746e+03 2.308546300000000073e+01
3.429740181000001030e+03 2.306559499999999829e+01
4.388302320000002510e+02 2.298826299999999989e+01
4.388154539999959525e+02 2.280976400000000126e+01
2.635652063000001363e+03 2.354476800000000125e+01
3.177462899999954971e+01 2.337908399999999887e+01
3.179294200000003912e+01 2.352099300000000071e+01
7.957486890000000130e+02 2.358238100000000159e+01
7.957369069999986095e+02 2.353737699999999933e+01
2.635661928000001353e+03 2.359878399999999843e+01
1.044022148999996716e+03 2.351316900000000132e+01
2.145014747000001080e+03 2.306102999999999881e+01
8.116717159999971045e+02 2.353771400000000114e+01
8.116868519999989076e+02 2.361318999999999946e+01
2.145027833000000101e+03 2.312675799999999882e+01
2.579913360999998986e+03 2.380033600000000149e+01
2.579934768999999505e+03 2.383134599999999992e+01
8.106630389999991166e+02 2.347205599999999848e+01
8.106785279999967315e+02 2.355825000000000102e+01
2.595938502999997581e+03 2.339683700000000144e+01
2.595955543999996735e+03 2.338605300000000042e+01
2.609759515999998257e+03 2.347687399999999869e+01
2.595969753999997920e+03 2.337036099999999905e+01
4.110337319999962347e+02 2.300046499999999838e+01
2.609778292000002693e+03 2.355429300000000126e+01
4.110450449999989360e+02 2.294825399999999860e+01
2.595990266000000702e+03 2.333681999999999945e+01
2.377688905000002705e+03 2.249602099999999893e+01
2.894973945999998250e+03 2.322747800000000140e+01
2.894997752000002947e+03 2.331173199999999923e+01
3.346765427999998792e+03 2.389834499999999906e+01
1.176684027999996033e+03 2.318058500000000066e+01
1.176701171000000613e+03 2.319671400000000006e+01
3.346783258000003116e+03 2.395063899999999890e+01
1.176727797999999893e+03 2.321244099999999833e+01
2.933833492999998271e+03 2.332811500000000038e+01
2.933851413999997021e+03 2.343037899999999851e+01
3.310174770000012359e+02 2.382312999999999903e+01
3.310065469999972265e+02 2.389140199999999936e+01
3.309865680000002612e+02 2.377699700000000149e+01
3.309743129999988014e+02 2.367572699999999841e+01
1.104856005000001460e+03 2.346962100000000007e+01
1.104873064999999769e+03 2.355917000000000172e+01
2.924982006999998703e+03 2.396890900000000002e+01
2.925004569999997329e+03 2.397910399999999953e+01
6.871119999996153638e+00 2.369430600000000098e+01
6.885167000000365078e+00 2.367956600000000122e+01
1.077926483000002918e+03 2.347992100000000093e+01
1.077944834000001720e+03 2.357864299999999957e+01
1.077991778999996313e+03 2.376229000000000013e+01
1.078012634999999136e+03 2.381655800000000056e+01
3.262943425999997999e+03 2.316753500000000088e+01
3.262966437000002770e+03 2.328948000000000107e+01
2.163024299999997311e+03 2.351857199999999892e+01
2.163005081000002974e+03 2.345748599999999939e+01
4.566828880000030040e+02 2.383065300000000164e+01
4.567060179999971297e+02 2.372989700000000113e+01
1.987752234999999928e+03 2.305968800000000130e+01
1.782019480000002659e+03 2.344393900000000031e+01
1.862803448999999091e+03 2.351913800000000165e+01
1.862787479999999050e+03 2.344450700000000154e+01
8.385987600000225939e+01 2.319510100000000108e+01
3.338854529999996885e+03 2.385735599999999934e+01
3.338870911999998498e+03 2.387344900000000081e+01
3.313831730999998399e+03 2.369574799999999826e+01
6.979884020000026794e+02 2.318654099999999829e+01
2.227817494000002625e+03 2.369433700000000087e+01
6.979628299999967567e+02 2.299341400000000135e+01
6.980210619999998016e+02 2.366564500000000137e+01
6.980064550000024610e+02 2.361183400000000177e+01
2.227801749999998719e+03 2.359378699999999895e+01
3.313845258000001195e+03 2.375307799999999858e+01
2.311664910999999847e+03 2.383060000000000045e+01
2.311641526999999769e+03 2.381122200000000078e+01
6.979632760000022245e+02 2.302150100000000066e+01
6.979898109999994631e+02 2.323569000000000173e+01
1.783024992999999085e+03 2.348322999999999894e+01
2.994680649000001722e+03 2.313838200000000001e+01
2.994691916999996465e+03 2.320000800000000041e+01
3.338853584999997111e+03 2.384998999999999825e+01
3.338869897999997193e+03 2.386561499999999825e+01
3.339996899999969173e+02 2.372135000000000105e+01
3.339824149999985821e+02 2.362626500000000007e+01
1.803036660999998276e+03 2.358873399999999876e+01
1.926668847000000824e+03 2.359401199999999932e+01
1.804033477999997558e+03 2.318474600000000052e+01
3.361797511999997369e+03 2.311804700000000068e+01
3.361693895999997039e+03 2.300945799999999863e+01
3.361815686000001733e+03 2.312137900000000101e+01
1.926652215000001888e+03 2.354661300000000068e+01
3.361673924000002444e+03 2.307041200000000103e+01
1.603750070000001870e+03 2.373993899999999968e+01
3.339803486999997403e+03 2.389367800000000130e+01
1.603780679999996210e+03 2.361022900000000035e+01
3.339818914000003133e+03 2.393291999999999931e+01
1.804011934000001929e+03 2.314007399999999848e+01
1.207714049999995041e+02 2.371739099999999922e+01
1.207483179999981076e+02 2.370252599999999887e+01
7.727612769999977900e+02 2.333036600000000149e+01
3.389591399999990244e+02 2.343785899999999955e+01
7.727846070000014151e+02 2.345387600000000106e+01
3.389747900000002119e+02 2.357302299999999917e+01
1.497500000000000000e+02 2.387527400000000100e+01
1.497685039999996661e+02 2.358500199999999936e+01
1.886922643999998400e+03 2.328917600000000121e+01
2.553915161999997508e+03 2.365916899999999856e+01
2.335781712999996671e+03 2.313043499999999852e+01
2.335803756000001158e+03 2.300395500000000126e+01
2.553894266999996034e+03 2.355701499999999982e+01
3.988104650000022957e+02 2.334843499999999850e+01
3.988290259999994305e+02 2.349194599999999866e+01
3.019631317999999737e+03 2.337990900000000138e+01
3.237021446999999171e+03 2.331205299999999880e+01
2.584825232999995933e+03 2.338162600000000069e+01
2.582888662999997905e+03 2.381912900000000022e+01
3.019644811999998637e+03 2.344059299999999979e+01
2.582911553999998432e+03 2.386433800000000005e+01
3.020635360000000219e+03 2.354444399999999860e+01
3.020649839999998221e+03 2.360548500000000161e+01
2.584810852000002342e+03 2.328055700000000172e+01
4.457451520000031451e+02 2.403092300000000137e+01
3.253008305000003020e+03 2.380258099999999999e+01
3.252992903999998816e+03 2.373938499999999863e+01
2.167985096999997040e+03 2.385422900000000013e+01
2.167971056000002136e+03 2.379610800000000026e+01
3.313834420999999566e+03 2.371018300000000067e+01
3.313847949000002700e+03 2.376328200000000024e+01
1.154720668000001751e+03 2.319556000000000040e+01
1.154746029000001727e+03 2.331581100000000006e+01
2.241986232999995991e+03 2.313385800000000003e+01
2.241902399999999034e+03 2.326628699999999839e+01
2.242004178000002867e+03 2.307646199999999936e+01
2.241923133999996935e+03 2.325250499999999931e+01
2.241964817000000039e+03 2.318793799999999905e+01
2.241987596999999369e+03 2.312991900000000101e+01
2.665818676000002597e+03 2.309018500000000174e+01
2.269848910000000615e+03 2.314567999999999870e+01
2.269773800000002666e+03 2.316824499999999887e+01
2.269790262000002258e+03 2.317262099999999947e+01
2.931879490999999689e+03 2.317107700000000037e+01
2.269798755999996501e+03 2.317342800000000125e+01
2.269817397999999230e+03 2.316994899999999902e+01
9.964155300000129500e+01 2.335386899999999955e+01
2.931894034999997530e+03 2.323115400000000008e+01
2.269865209999996296e+03 2.312279900000000055e+01
9.962394900000072084e+01 2.346714100000000158e+01
3.377628134999999020e+03 2.357250799999999913e+01
3.377642231999998330e+03 2.365476900000000171e+01
1.859049807000003057e+03 2.291674499999999881e+01
1.887720909999996366e+03 2.316189400000000020e+01
1.887752984999999171e+03 2.333652199999999866e+01
1.859894814999999653e+03 2.358410900000000154e+01
2.523997357000000193e+03 2.373271000000000086e+01
1.887741592999998829e+03 2.330683700000000158e+01
1.887777575000000070e+03 2.336456300000000041e+01
1.859913410000001022e+03 2.359768800000000155e+01
2.523979983999997785e+03 2.364949000000000012e+01
2.933909911000002467e+03 2.363033199999999923e+01
2.270865484000001743e+03 2.332149799999999829e+01
2.270887610999998287e+03 2.327255500000000055e+01
2.921940640000000712e+03 2.314189000000000007e+01
2.921960404999997991e+03 2.319562099999999916e+01
7.238963159999984782e+02 2.311399300000000068e+01
7.239124979999978677e+02 2.319695600000000013e+01
2.933893908999998530e+03 2.357800699999999949e+01
2.666766945000003034e+03 2.313142099999999957e+01
2.666783115999998699e+03 2.311025400000000118e+01
9.087008799999603070e+01 2.356538700000000119e+01
1.632680094000003010e+03 2.380818599999999918e+01
3.309989139999961480e+02 2.381494599999999906e+01
1.632657717000001867e+03 2.388706499999999977e+01
3.309870159999991301e+02 2.373709699999999856e+01
9.085476599999674363e+01 2.363754199999999983e+01
7.777536180000024615e+02 2.354945400000000078e+01
7.777749659999972209e+02 2.365719299999999947e+01
1.862787033000000520e+03 2.339847500000000124e+01
1.862803001000000222e+03 2.347751399999999933e+01
1.110900494000001345e+03 2.339161999999999964e+01
2.195878368999998202e+03 2.371867800000000059e+01
1.110919263999996474e+03 2.348194200000000009e+01
2.195864875999999640e+03 2.364389900000000111e+01
1.110835721000003105e+03 2.303105199999999897e+01
1.110849839000002248e+03 2.312133299999999991e+01
1.533968178000002808e+03 2.297072800000000115e+01
1.533987204999997630e+03 2.286883500000000069e+01
4.197379149999978836e+02 2.336221300000000056e+01
4.197552789999972447e+02 2.326132000000000133e+01
3.023665103999999701e+03 2.385610700000000151e+01
3.023690813000001071e+03 2.393034499999999909e+01
1.503799930000001041e+03 2.269709900000000147e+01
1.503985401999998430e+03 2.279570800000000119e+01
1.503816249999996217e+03 2.273956300000000041e+01
3.022625640999998723e+03 2.311136000000000124e+01
3.022636437000001024e+03 2.316171599999999842e+01
2.665800416999998561e+03 2.314318199999999948e+01
2.665807232999999542e+03 2.312825199999999981e+01
2.665786682999998447e+03 2.316851099999999875e+01
2.665820032999996329e+03 2.309586399999999884e+01
8.057005750000025728e+02 2.350966899999999882e+01
8.057136570000002393e+02 2.356422200000000089e+01
