1.149811896999999590e+03 2.370949200000000090e+01
8.387033010000013746e+02 2.455787400000000176e+01
8.387248840000029304e+02 2.457569200000000009e+01
3.009698846999999660e+03 2.451510899999999893e+01
3.009682561000001442e+03 2.446522500000000022e+01
1.072927261999997427e+03 2.410336600000000118e+01
1.072947325000001001e+03 2.421422000000000097e+01
3.457706902999998420e+03 2.403906200000000126e+01
3.457717386999996961e+03 2.397757500000000164e+01
2.185934804999997141e+03 2.395072899999999905e+01
2.185922108999999182e+03 2.391095100000000073e+01
2.606750227999997151e+03 2.373113000000000028e+01
2.606768444000001182e+03 2.381228700000000131e+01
2.187887996999997995e+03 2.378065799999999896e+01
2.187899271000002045e+03 2.387012700000000009e+01
2.187913551999998163e+03 2.390339900000000029e+01
1.431996277999998711e+03 2.438114799999999960e+01
1.432017676999996183e+03 2.445891800000000060e+01
1.432000324000000546e+03 2.439730300000000085e+01
1.536665519000001950e+03 2.400173699999999855e+01
1.536682061999999860e+03 2.408789200000000008e+01
1.431982177999998385e+03 2.431922600000000045e+01
2.187872231000001193e+03 2.371446299999999852e+01
7.947803960000019288e+02 2.370516999999999896e+01
3.608894500000023982e+02 2.428394799999999876e+01
3.609075379999994766e+02 2.430970599999999848e+01
7.947690189999993891e+02 2.369659300000000002e+01
1.103859521999998833e+03 2.424435100000000176e+01
1.103866734000002907e+03 2.428035699999999864e+01
1.103886287000001175e+03 2.436584300000000169e+01
1.103845321000000695e+03 2.416576299999999833e+01
2.361720524999996996e+03 2.412542900000000046e+01
8.276284069999965141e+02 2.406520700000000090e+01
8.276406359999964479e+02 2.412422400000000167e+01
2.329698667999997269e+03 2.473238999999999876e+01
2.329717709999997169e+03 2.440227199999999996e+01
2.547899920999996539e+03 2.436564500000000066e+01
2.547916885999999067e+03 2.446145900000000140e+01
2.547004894999998214e+03 2.440464700000000065e+01
2.547023535000000265e+03 2.443203000000000102e+01
2.361673592999999528e+03 2.434358699999999942e+01
2.980719076000001223e+03 2.375887300000000124e+01
2.361688256000001275e+03 2.428629099999999852e+01
4.247237279999972088e+02 2.389862300000000062e+01
4.247808739999964018e+02 2.396052500000000052e+01
4.247408609999984037e+02 2.371878200000000092e+01
1.077009943999997631e+03 2.418048999999999893e+01
1.077030115000001388e+03 2.422290800000000033e+01
4.247649699999965378e+02 2.400344199999999972e+01
2.242832232000000658e+03 2.382829999999999870e+01
2.242853867999998329e+03 2.382984799999999836e+01
7.419066329999986920e+02 2.437631999999999977e+01
7.418885399999999208e+02 2.431633400000000123e+01
3.345793384999997215e+03 2.424795599999999851e+01
3.345806679000001168e+03 2.427626899999999921e+01
2.922928350000001956e+03 2.353380800000000050e+01
1.176652808999999252e+03 2.373830500000000043e+01
2.922949739999996382e+03 2.358829400000000120e+01
1.177714975000002596e+03 2.407288899999999998e+01
2.272716255999999703e+03 2.452072599999999980e+01
2.717730155999997805e+03 2.420976800000000040e+01
2.717744611000001896e+03 2.412497000000000114e+01
2.272735699999997451e+03 2.457055499999999881e+01
1.177696013000000676e+03 2.417557800000000157e+01
2.581838147000002209e+03 2.440101200000000148e+01
2.581808086999997613e+03 2.424285300000000021e+01
2.581849923000001581e+03 2.445114500000000035e+01
2.581828224999997474e+03 2.435383500000000012e+01
3.261994736000000557e+03 2.407750199999999907e+01
3.262018373999999312e+03 2.415409500000000165e+01
4.277179719999985537e+02 2.409598300000000037e+01
4.277369869999965886e+02 2.406889999999999930e+01
2.626686415999996825e+03 2.401742600000000039e+01
2.626703179999996792e+03 2.411022300000000129e+01
2.637656084000002011e+03 2.423273500000000169e+01
2.637668739000000642e+03 2.430912700000000015e+01
4.796545790000018314e+02 2.462773200000000173e+01
4.796736670000027516e+02 2.469573099999999855e+01
2.527944272000000637e+03 2.357721599999999995e+01
1.430031861000003119e+03 2.444253300000000095e+01
7.787492280000005849e+02 2.411036199999999852e+01
2.963775685000000522e+03 2.426190300000000022e+01
2.963750374000002921e+03 2.411726300000000123e+01
2.527957876000000397e+03 2.368960799999999978e+01
2.527973157000000356e+03 2.376919600000000088e+01
2.527991885999996157e+03 2.385105700000000084e+01
1.893724752000001899e+03 2.432999699999999876e+01
1.459876962000002095e+03 2.415925500000000170e+01
1.459894662999999127e+03 2.425518299999999883e+01
1.893708057999996527e+03 2.425481600000000171e+01
7.787336060000016005e+02 2.401766399999999990e+01
1.811960414000001037e+03 2.445442600000000155e+01
2.896953272999999172e+03 2.372182600000000008e+01
2.896972068000002764e+03 2.381749100000000041e+01
1.811940920000000915e+03 2.436616799999999827e+01
2.255704668999998830e+03 2.360569100000000020e+01
2.255723301999998512e+03 2.371841399999999922e+01
1.988681736999998975e+03 2.397433099999999939e+01
1.988666964999996708e+03 2.401056900000000027e+01
1.121805730000000040e+03 2.361583999999999861e+01
3.291875625000000582e+03 2.415689000000000064e+01
1.121822427999999491e+03 2.368261199999999889e+01
3.291861917000001995e+03 2.408165299999999931e+01
3.291909920999998576e+03 2.430668000000000006e+01
3.291923980999999912e+03 2.435420799999999986e+01
1.430965561999997590e+03 2.406738000000000000e+01
1.430950031000000308e+03 2.398220299999999838e+01
2.963749928999997792e+03 2.413153099999999895e+01
1.893690146000000823e+03 2.417212400000000017e+01
1.893676025000000664e+03 2.408874199999999988e+01
2.963775235000000976e+03 2.426856199999999930e+01
1.459876514999996289e+03 2.417049099999999839e+01
1.459894211999999243e+03 2.426148900000000097e+01
3.010640685999998823e+03 2.411479399999999984e+01
3.010622081000001344e+03 2.401134800000000169e+01
1.840893820999997843e+03 2.408168399999999920e+01
1.840871712000000116e+03 2.399700100000000091e+01
1.840844727999996394e+03 2.386371499999999912e+01
1.840861427999996522e+03 2.395034499999999866e+01
3.372651488000003155e+03 2.419513699999999901e+01
2.952803307000001951e+03 2.430341299999999904e+01
2.952825335000001360e+03 2.430499299999999963e+01
3.011706618999996863e+03 2.452711899999999901e+01
1.867797503000001598e+03 2.403288600000000130e+01
1.457297170000019833e+02 2.431821300000000008e+01
1.457073509999972885e+02 2.444313199999999853e+01
3.400652901000001293e+03 2.455023100000000014e+01
3.400665243999996164e+03 2.457578499999999977e+01
7.827376720000029309e+02 2.371176799999999929e+01
1.180648948000001837e+03 2.432917199999999980e+01
1.180659377999996650e+03 2.438647800000000032e+01
1.152763707999998587e+03 2.433076600000000056e+01
3.372672888000000967e+03 2.430295800000000028e+01
1.152774690999998711e+03 2.436975599999999886e+01
7.827511389999999665e+02 2.379548099999999877e+01
3.011687253999996756e+03 2.447612700000000174e+01
1.867817798999996739e+03 2.411179500000000075e+01
2.928867249000002630e+03 2.402982199999999935e+01
3.362691470999998273e+03 2.403284899999999880e+01
2.928880789000002551e+03 2.410014899999999827e+01
3.362671594999999797e+03 2.392902700000000138e+01
2.928900657999998657e+03 2.418758199999999903e+01
2.928917793000000529e+03 2.424850800000000106e+01
7.708136890000023413e+02 2.430335600000000085e+01
7.708236269999979413e+02 2.433862799999999993e+01
1.216409980000025826e+02 2.459377500000000083e+01
1.216583580000005895e+02 2.434210200000000057e+01
2.548933021999997436e+03 2.448975199999999930e+01
2.548948505000000296e+03 2.455123299999999986e+01
2.982758637999999337e+03 2.419586899999999829e+01
1.901683834999996179e+03 2.391492600000000124e+01
1.901698062999996182e+03 2.399367200000000011e+01
1.900680879999999888e+03 2.405184500000000014e+01
1.900696633999999904e+03 2.414147600000000082e+01
2.984710680999996839e+03 2.366241700000000137e+01
2.984726777999996557e+03 2.374800000000000111e+01
2.982740009000001010e+03 2.411890599999999907e+01
3.998286389999993844e+02 2.405429300000000126e+01
3.998470880000022589e+02 2.423943699999999879e+01
3.016628473999997368e+03 2.433451900000000023e+01
3.016643068999997922e+03 2.440883499999999984e+01
1.067978085000002466e+03 2.434313300000000169e+01
1.067991561000002548e+03 2.439838800000000063e+01
2.601758089000002656e+03 2.425790699999999944e+01
3.266981981999997515e+03 2.420834500000000133e+01
1.513755434999999125e+03 2.372883799999999965e+01
3.267000680999997712e+03 2.427004900000000021e+01
1.515738174999998591e+03 2.382612800000000064e+01
1.542653902999998536e+03 2.411120899999999878e+01
1.513770730999996886e+03 2.379758700000000005e+01
2.627711147000001802e+03 2.430245899999999892e+01
2.600756609999996726e+03 2.413905300000000054e+01
2.600773466999999073e+03 2.423303100000000043e+01
3.291899387999997998e+03 2.426469799999999921e+01
3.291878477999998722e+03 2.416458499999999887e+01
1.121806176999998570e+03 2.359540799999999905e+01
2.601778770999997505e+03 2.436663400000000124e+01
1.121822876999998698e+03 2.366745600000000138e+01
1.542668831000002683e+03 2.419494600000000162e+01
2.627691539999999804e+03 2.420324600000000004e+01
1.515750780000002123e+03 2.389068400000000025e+01
3.291862363000000187e+03 2.407306099999999915e+01
3.291883960999999545e+03 2.419318900000000028e+01
2.255704223000000638e+03 2.361715099999999978e+01
2.255723751999998058e+03 2.373028599999999955e+01
2.896998135000001639e+03 2.392279600000000173e+01
2.896981091000001470e+03 2.386294900000000041e+01
9.866535000000294531e+01 2.459457300000000046e+01
9.868092199999955483e+01 2.445922600000000102e+01
7.389771489999984624e+02 2.410440099999999930e+01
7.389908199999990757e+02 2.411420899999999889e+01
7.074624500000209082e+01 2.397446300000000008e+01
7.076681000000098720e+01 2.417854699999999823e+01
5.116805049999966286e+02 2.454710100000000139e+01
6.071332000000256812e+01 2.371238800000000069e+01
5.117118970000010449e+02 2.447693599999999847e+01
6.073225300000194693e+01 2.407409699999999830e+01
3.290203140000012354e+02 2.462683300000000131e+01
3.289998189999969327e+02 2.457944099999999921e+01
3.559731029999966267e+02 2.437866899999999859e+01
1.454893230000001495e+03 2.385357199999999978e+01
1.222698750999996264e+03 2.449676699999999840e+01
1.222728574000000663e+03 2.448669999999999902e+01
1.454911159000002954e+03 2.395364899999999864e+01
3.559597119999962160e+02 2.444882399999999834e+01
1.874775148000000627e+03 2.421441700000000097e+01
2.539962911000002350e+03 2.396947499999999920e+01
2.539982081000001926e+03 2.403720200000000062e+01
1.874788738999995985e+03 2.428726699999999994e+01
1.861811883000002126e+03 2.401891200000000026e+01
1.861828221999996458e+03 2.408517700000000161e+01
1.861780311000002257e+03 2.385533200000000065e+01
1.861795470999997633e+03 2.394015999999999877e+01
1.836982468000001973e+03 2.428912300000000002e+01
2.242814789999996719e+03 2.379139500000000140e+01
2.242799005000000761e+03 2.378042900000000159e+01
1.836966632999996364e+03 2.427416499999999999e+01
2.242832682000000204e+03 2.379956200000000166e+01
2.242852016999997431e+03 2.380628400000000156e+01
3.317841602000000421e+03 2.443945000000000078e+01
3.317855750000002445e+03 2.448571099999999845e+01
1.137592349999977159e+02 2.431682500000000147e+01
3.345732585999998264e+03 2.398806899999999942e+01
3.345713920000001963e+03 2.388181200000000004e+01
1.544653301999998803e+03 2.409980699999999842e+01
1.544671394999997574e+03 2.418756700000000137e+01
2.169023621000000276e+03 2.451352199999999826e+01
2.168945312999996531e+03 2.420937100000000086e+01
2.168963623999996344e+03 2.430464999999999876e+01
2.169009702999996080e+03 2.447760900000000106e+01
3.255024299999997311e+03 2.456859499999999841e+01
2.185936607999996340e+03 2.390238099999999832e+01
3.457691830999996455e+03 2.416517299999999935e+01
3.457705098999998881e+03 2.410277800000000070e+01
2.185921659999999974e+03 2.384821200000000019e+01
2.186018335000000661e+03 2.407951299999999861e+01
2.185894824000002700e+03 2.373479599999999934e+01
2.185911761999996088e+03 2.380877100000000013e+01
2.185996731999999611e+03 2.405249600000000143e+01
5.116836750000002212e+02 2.459910599999999903e+01
5.117165119999990566e+02 2.445765400000000156e+01
6.071287299999676179e+01 2.372243800000000036e+01
6.073067799999989802e+01 2.400667999999999935e+01
1.788018824999999197e+03 2.430348700000000051e+01
1.788001343999996607e+03 2.422318999999999889e+01
2.527992334000002302e+03 2.381593499999999963e+01
2.527973603999998886e+03 2.372889699999999991e+01
1.271695746999997937e+03 2.409334499999999935e+01
1.271675213000002259e+03 2.419225499999999940e+01
