1.316280600000027334e+01 2.303377000000000052e+01
1.318867100000352366e+01 2.302554999999999907e+01
1.309814900000492344e+01 2.267028600000000083e+01
1.312530700000206707e+01 2.281111399999999989e+01
1.317260600000008708e+01 2.309337100000000120e+01
1.313870100000349339e+01 2.300919299999999978e+01
1.317975400000432273e+01 2.300278399999999834e+01
1.315342900000541704e+01 2.287795200000000051e+01
1.316903900000033900e+01 2.312909799999999905e+01
9.279383000000234460e+01 2.266360600000000147e+01
3.916148100000282284e+01 2.294648700000000119e+01
3.205220299999928102e+01 2.274931799999999882e+01
3.204818900000100257e+01 2.259085800000000077e+01
3.201961700000538258e+01 2.257706800000000058e+01
3.191036700000404380e+01 2.270362799999999837e+01
3.205711600000358885e+01 2.285249400000000009e+01
3.202542000000539701e+01 2.255610599999999977e+01
3.207993500000156928e+01 2.285213800000000006e+01
3.204326900000160094e+01 2.260327699999999851e+01
3.203032199999870500e+01 2.263662499999999866e+01
5.013201800000388175e+01 2.343260899999999936e+01
5.019730300000082934e+01 2.338955800000000096e+01
5.007691899999917950e+01 2.307247100000000017e+01
4.018915900000138208e+01 2.326995199999999997e+01
4.017080900000291876e+01 2.327446600000000032e+01
4.020263400000112597e+01 2.320544299999999893e+01
5.018416900000011083e+01 2.345387500000000003e+01
4.012655400000221562e+01 2.312655099999999919e+01
4.015785000000323635e+01 2.316559099999999916e+01
