5.419824399999924935e+01 2.103078100000000106e+01
5.420856199999980163e+01 2.104259800000000169e+01
2.121670299999823328e+01 2.157488999999999990e+01
5.421348299999954179e+01 2.111936299999999989e+01
5.423681600000418257e+01 2.103180599999999956e+01
5.423321900000155438e+01 2.105331699999999984e+01
5.415662900000461377e+01 2.110000099999999890e+01
5.711383900000510039e+01 2.084962200000000010e+01
5.709861200000159442e+01 2.093413699999999977e+01
5.713174100000469480e+01 2.099674800000000019e+01
5.719367600000259699e+01 2.109071499999999943e+01
6.145800000376766548e-02 2.091648999999999958e+01
2.002599999832455069e-02 2.085778799999999933e+01
1.889340000052470714e-01 2.112554000000000087e+01
0.000000000000000000e+00 2.070089400000000168e+01
2.624600000126520172e-02 2.085088599999999914e+01
2.802499999961582944e-02 2.088307500000000161e+01
3.470300000481074676e-02 2.065648200000000045e+01
4.765300000144634396e-02 2.080591000000000079e+01
8.940000043367035687e-04 2.069589399999999912e+01
7.704000000376254320e-02 2.090062400000000054e+01
2.050080000044545159e-01 2.105770199999999903e+01
6.368400000064866617e-02 2.093069900000000061e+01
1.202269999994314276e-01 2.107222799999999907e+01
1.942899999994551763e-01 2.102544299999999922e+01
2.058959999994840473e-01 2.091522399999999848e+01
1.808930000042892061e-01 2.123707299999999876e+01
1.211140000013983808e-01 2.100989799999999974e+01
1.840200000006007031e-01 2.123677299999999946e+01
1.291410000048927031e-01 2.104323799999999878e+01
1.300279999995836988e-01 2.089261499999999927e+01
1.380620000054477714e-01 2.082572400000000101e+01
1.389500000004773028e-01 2.093145799999999923e+01
1.706249999988358468e-01 2.132555299999999932e+01
1.112600000487873331e-02 2.079030099999999948e+01
1.688480000011622906e-01 2.120726799999999912e+01
6.681999999273102731e-03 2.084692300000000031e+01
1.557500000490108505e-02 2.083447200000000166e+01
7.436500000039814040e-02 2.089230200000000082e+01
3.209987000002001878e+00 2.114571600000000018e+01
2.518322800000169082e+01 2.148389799999999994e+01
2.519125599999824772e+01 2.160950000000000060e+01
2.522472399999969639e+01 2.161459199999999825e+01
3.203734000002441462e+00 2.111751200000000139e+01
2.519349199999851407e+01 2.165569999999999951e+01
2.519796299999870826e+01 2.165445199999999915e+01
2.520509400000446476e+01 2.171908300000000125e+01
2.520598299999983283e+01 2.167216000000000165e+01
2.521355300000141142e+01 2.151484200000000158e+01
2.521622100000240607e+01 2.155617799999999917e+01
