3.271337580000035814e+02 2.378414799999999829e+01
3.270992410000035306e+02 2.360057700000000125e+01
3.271158720000021276e+02 2.369588600000000156e+01
1.456088136999998824e+03 2.374369899999999944e+01
2.307822758000002068e+03 2.348605900000000091e+01
7.890504399999990710e+02 2.323775799999999947e+01
1.456070414000001620e+03 2.370516999999999896e+01
2.307847224000004644e+03 2.346193600000000146e+01
3.550677320000031614e+02 2.380180400000000063e+01
7.890687160000015865e+02 2.314264100000000113e+01
3.550827740000022459e+02 2.373708200000000090e+01
2.974871524000001955e+03 2.332419000000000153e+01
2.974884439000001294e+03 2.338022700000000142e+01
1.920830802000004041e+03 2.364132000000000033e+01
3.455789576000002853e+03 2.317814699999999917e+01
4.039795620000004419e+02 2.306151300000000148e+01
4.040818799999979092e+02 2.315507500000000007e+01
4.040254849999982980e+02 2.310945999999999856e+01
2.156115380000002915e+03 2.337441400000000158e+01
4.039926009999981034e+02 2.291050299999999851e+01
4.040568180000045686e+02 2.291917400000000171e+01
2.571984581000004255e+03 2.358568500000000157e+01
4.040405240000036429e+02 2.301152899999999946e+01
4.040132210000010673e+02 2.305115400000000037e+01
1.096035163000000466e+03 2.361779100000000042e+01
4.040981480000045849e+02 2.309452100000000030e+01
1.096017705999998725e+03 2.355477499999999935e+01
2.571997004000004381e+03 2.363288400000000067e+01
2.156119028000000981e+03 2.339076400000000078e+01
2.572012952000004589e+03 2.368177999999999983e+01
2.156143970000004629e+03 2.142728100000000069e+01
0.000000000000000000e+00 2.351475999999999900e+01
2.571974162999998953e+03 2.353947199999999995e+01
1.960700000199722126e-02 2.372318699999999936e+01
2.156096671999999671e+03 2.327779599999999860e+01
1.920801806000003126e+03 2.359036700000000053e+01
3.455776051000000734e+03 2.326701900000000123e+01
1.555933436999999685e+03 2.349361599999999939e+01
2.891120686000002024e+03 2.314305399999999935e+01
2.891131066000001738e+03 2.317370299999999972e+01
2.891101741999998922e+03 2.307166899999999998e+01
1.555778880999998364e+03 2.382631399999999999e+01
2.891115409999998519e+03 2.312529200000000174e+01
1.555918383000003814e+03 2.357061399999999907e+01
1.555797608000000764e+03 2.387484999999999857e+01
1.155852033000002848e+03 2.348360399999999970e+01
1.155834510000000591e+03 2.345361499999999921e+01
9.079186399999889545e+01 2.376358000000000104e+01
9.077643499999976484e+01 2.348314799999999991e+01
2.924012287999998080e+03 2.354267499999999913e+01
2.924030969999999797e+03 2.361670200000000008e+01
1.828039551000001666e+03 2.343243100000000112e+01
1.828060362000003806e+03 2.353830299999999909e+01
1.531927184000000125e+03 2.367819799999999830e+01
1.531951566000003368e+03 2.366098200000000062e+01
1.979784489999998186e+03 2.356455700000000064e+01
2.617881912000004377e+03 2.330561199999999999e+01
2.617934398999997939e+03 2.333611300000000099e+01
9.277641500000027008e+01 2.322679099999999863e+01
2.617906226999999490e+03 2.332655899999999960e+01
9.279713300000003073e+01 2.342395399999999839e+01
2.926992325999999593e+03 2.343287000000000120e+01
2.927006284000002779e+03 2.349968499999999949e+01
2.652737680999998702e+03 2.310935699999999926e+01
2.652758824000004097e+03 2.321534300000000073e+01
2.652775170000000799e+03 2.328045200000000037e+01
2.652786850000004051e+03 2.331795199999999824e+01
2.218978285000004689e+03 2.360841599999999829e+01
2.218998875999997836e+03 2.365501599999999982e+01
1.979798006000004534e+03 2.350679200000000080e+01
2.262807997000003525e+03 2.288352499999999878e+01
2.262821421000000555e+03 2.291245899999999835e+01
2.617958428999998432e+03 2.332638899999999893e+01
1.853134420000002137e+03 2.321054399999999873e+01
7.679681249999994179e+02 2.368500200000000078e+01
1.853140686999999161e+03 2.318033199999999994e+01
1.167929760000042734e+02 2.347358799999999945e+01
1.853106434000001173e+03 2.331808900000000051e+01
1.168172209999975166e+02 2.346197099999999836e+01
2.299734823999999207e+03 2.372202599999999961e+01
2.299745579000002181e+03 2.375918400000000119e+01
7.679901220000028843e+02 2.371401699999999835e+01
1.881050706000001810e+03 2.301321700000000092e+01
1.881062891000001400e+03 2.295607400000000098e+01
3.350996339999983320e+02 2.347126700000000099e+01
2.518121111000000383e+03 2.379068900000000042e+01
2.518141426000001957e+03 2.183201599999999942e+01
1.897845891999997548e+03 2.362878100000000003e+01
3.351105380000008154e+02 2.354297800000000151e+01
2.519130141000001458e+03 2.334150700000000001e+01
7.689000720000040019e+02 2.323081900000000033e+01
7.689183420000044862e+02 2.331693699999999936e+01
2.280894208999998227e+03 2.361605899999999991e+01
2.280874134999998205e+03 2.360920300000000083e+01
1.209761994000000414e+03 2.376870200000000111e+01
1.209743246999998519e+03 2.372700899999999891e+01
2.947947063999999955e+03 2.348117999999999839e+01
2.947929113999998663e+03 2.338852400000000031e+01
1.445131917999999132e+03 2.340840400000000088e+01
1.445147575000002689e+03 2.135927200000000070e+01
2.705827470000003814e+03 2.313780200000000065e+01
3.369791855000003125e+03 2.362844700000000131e+01
7.659276360000003478e+02 2.350804799999999872e+01
3.369870141999999760e+03 2.384059099999999987e+01
3.369851827999998932e+03 2.381804100000000091e+01
7.659060929999977816e+02 2.340295300000000012e+01
3.369772283999998763e+03 2.355545599999999951e+01
9.079598899999837158e+01 2.391270099999999843e+01
9.077973999999812804e+01 2.350871799999999823e+01
2.924012738999997964e+03 2.354864900000000105e+01
2.924030073000001721e+03 2.361983000000000033e+01
3.383890881999999692e+03 2.335995499999999936e+01
3.398740530000002764e+03 2.377125399999999900e+01
3.398753970999998273e+03 2.380945699999999832e+01
2.949943761000002269e+03 2.312878200000000106e+01
2.949958860999999160e+03 2.319001499999999893e+01
2.652738128999997571e+03 2.311081400000000130e+01
2.652755985000003420e+03 2.320444399999999874e+01
2.218925759999998263e+03 2.339017600000000030e+01
2.218950842999998713e+03 2.351604100000000130e+01
2.926991878000000725e+03 2.343284699999999887e+01
1.842108613000003970e+03 2.300686500000000123e+01
2.927005832000002556e+03 2.350184000000000140e+01
1.842120161999999254e+03 2.316894200000000126e+01
2.520100701000003028e+03 2.337797600000000031e+01
2.520115684000003967e+03 2.345650699999999844e+01
7.679754489999977523e+02 2.370912900000000079e+01
1.853138449999998556e+03 2.322819399999999845e+01
1.881061548999998195e+03 2.300068399999999968e+01
7.679969459999992978e+02 2.373435599999999823e+01
7.688996229999975185e+02 2.323065199999999919e+01
1.853133972000003268e+03 2.324766299999999930e+01
1.853106882000000041e+03 2.334265399999999957e+01
1.880953832999999577e+03 2.322450699999999912e+01
1.880966680999998061e+03 2.322101599999999877e+01
7.689178900000042631e+02 2.331962299999999999e+01
1.881052049999998417e+03 2.304122399999999971e+01
1.457050790000001143e+03 2.363484300000000005e+01
1.457067413000004308e+03 2.398411899999999974e+01
1.953878044000004593e+03 2.345506800000000069e+01
1.953864025000002584e+03 2.351703300000000141e+01
2.605906512000001385e+03 2.382074400000000125e+01
2.325765499000001000e+03 2.394899200000000050e+01
2.605920169000004535e+03 2.387331999999999965e+01
2.325746652000001632e+03 2.395449299999999937e+01
2.605926932000002125e+03 2.392098500000000172e+01
2.605943872000003466e+03 2.386274600000000135e+01
1.073058484000001044e+03 2.351981699999999975e+01
1.073077917000002344e+03 2.362404700000000091e+01
2.576982029999999213e+03 2.379800099999999929e+01
2.577000938000004680e+03 2.385596500000000120e+01
8.079453849999990780e+02 2.337529500000000127e+01
8.078349630000011530e+02 2.327303200000000061e+01
8.078484739999985322e+02 2.331232500000000130e+01
8.079286639999991166e+02 2.338893099999999947e+01
8.267589989999978570e+02 2.352417399999999859e+01
8.267385379999977886e+02 2.342251600000000167e+01
2.547142261000000872e+03 2.386537799999999976e+01
2.547068084999998973e+03 2.374506900000000087e+01
3.043748969000000216e+03 2.336816699999999969e+01
3.043763032000002568e+03 2.336812700000000120e+01
2.547081445000003441e+03 2.378499899999999911e+01
2.548092514000003575e+03 2.387772500000000164e+01
2.548078465999999025e+03 2.384463200000000072e+01
3.314007131999998819e+03 2.375162299999999860e+01
3.313944287999998778e+03 2.356290900000000121e+01
1.557799851000003400e+03 2.339994000000000085e+01
1.557810457999999926e+03 2.342090599999999867e+01
3.313992001999999047e+03 2.372356800000000021e+01
3.313924392000000807e+03 2.345800699999999850e+01
1.980795905999999377e+03 2.323111700000000113e+01
1.980780968999999459e+03 2.329557300000000097e+01
1.533834977999998955e+03 2.365494599999999892e+01
1.533821239999997488e+03 2.359898099999999843e+01
1.812092383000002883e+03 2.386796299999999960e+01
1.812060788000002503e+03 2.360687400000000125e+01
1.812076054000004660e+03 2.363130100000000056e+01
1.812117302999999083e+03 2.391842199999999963e+01
1.812136002999999619e+03 2.393799900000000136e+01
1.812081519999999728e+03 2.378560600000000136e+01
2.245866816000001563e+03 2.343740499999999827e+01
2.245880549000001338e+03 2.349539299999999997e+01
2.872134775999998965e+03 2.150038500000000141e+01
1.170996943999998621e+03 2.310437699999999950e+01
2.918129141999997955e+03 2.384969299999999848e+01
1.101981896999997844e+03 2.318094599999999872e+01
1.102001036000001477e+03 2.333962800000000115e+01
2.918105402000001050e+03 2.384900299999999973e+01
2.918131940999999642e+03 2.384834400000000088e+01
2.223023156000002928e+03 2.329385999999999868e+01
2.223042593999998644e+03 2.329177200000000170e+01
3.274034340999998676e+03 2.342288900000000140e+01
3.274047813000004680e+03 2.355221500000000034e+01
3.274095994000002975e+03 2.370075800000000044e+01
3.274108643999999913e+03 2.372327699999999950e+01
4.638592819999976200e+02 2.393762699999999910e+01
4.638830589999997756e+02 2.367742600000000053e+01
3.091777872999999090e+03 2.330957499999999882e+01
1.512969352000000072e+03 2.356778200000000112e+01
3.016840215000003809e+03 2.395383599999999902e+01
3.016816485000003013e+03 2.391318599999999961e+01
1.512995947000003071e+03 2.356554200000000066e+01
3.000892121999997471e+03 2.342951499999999854e+01
3.000911761000003025e+03 2.340971499999999850e+01
2.295801999999821419e+01 2.330316099999999935e+01
2.297169299999950454e+01 2.351191499999999834e+01
1.065121606000000611e+03 2.347003700000000137e+01
1.065095216000001528e+03 2.335786399999999929e+01
1.065133651000003738e+03 2.350887799999999928e+01
1.065081615000002785e+03 2.328351800000000082e+01
2.571966891000003670e+03 2.345146799999999843e+01
2.571982319000002462e+03 2.353311899999999923e+01
1.920803159000002779e+03 2.356851699999999994e+01
8.159832000000023982e+02 2.322906000000000049e+01
1.920815343000002031e+03 2.359878300000000095e+01
3.287995911999998498e+03 2.317268800000000084e+01
3.288013231999997515e+03 2.320908100000000118e+01
1.117962826000002678e+03 2.339257699999999929e+01
1.117989486999998917e+03 2.348788899999999913e+01
1.117950605999998515e+03 2.333575700000000097e+01
1.117977253999997629e+03 2.344877800000000079e+01
3.318995582000003196e+03 2.290741999999999834e+01
3.319019580000000133e+03 2.297714699999999866e+01
1.149889741999999387e+03 2.362094799999999850e+01
1.149906804999998712e+03 2.367363599999999835e+01
2.234961814000002050e+03 2.304851599999999934e+01
2.234982482999999775e+03 2.306317999999999913e+01
7.683327599999756785e+01 2.311653400000000147e+01
2.237984088999997766e+03 2.325594699999999904e+01
2.237966145999998844e+03 2.326146599999999864e+01
7.181007170000011683e+02 2.383033299999999954e+01
7.181193770000027143e+02 2.386237200000000058e+01
2.236940867999997863e+03 2.354831100000000177e+01
2.236951707000000170e+03 2.354985100000000031e+01
1.596783311999999569e+03 2.384530499999999975e+01
1.596767734000000928e+03 2.385963699999999932e+01
2.891131513000000268e+03 2.314206899999999933e+01
2.891101292999999714e+03 2.302178200000000174e+01
2.891121134000000893e+03 2.310674900000000065e+01
2.891114961999999650e+03 2.308295800000000142e+01
1.555798515000002226e+03 2.385368000000000066e+01
1.555779329000004509e+03 2.379626899999999878e+01
3.371416440000029979e+02 2.168578199999999967e+01
7.709316689999977825e+02 2.375209100000000007e+01
3.371230619999987539e+02 2.370084599999999853e+01
1.858017390000000887e+03 2.318487400000000065e+01
7.709448499999998603e+02 2.378914100000000076e+01
1.858032093000001623e+03 2.318526999999999916e+01
2.291825488000002224e+03 2.297231100000000126e+01
1.097402470000015455e+02 2.348737300000000161e+01
1.097526849999994738e+02 2.363375699999999924e+01
3.271364499999981490e+02 2.369500700000000037e+01
3.271244660000011208e+02 2.361271800000000098e+01
7.890486500000042724e+02 2.322899400000000014e+01
7.890614470000000438e+02 2.316754600000000153e+01
2.280874586999998428e+03 2.359677200000000141e+01
2.280895112999998673e+03 2.360706899999999919e+01
1.209762443999999959e+03 2.373922900000000169e+01
1.209743696999998065e+03 2.369272600000000040e+01
