3.289607900000046357e+02 2.465532999999999930e+01
3.289373960000011721e+02 2.451627200000000073e+01
1.158721259999998438e+03 2.469843900000000048e+01
1.158650316999999632e+03 2.449406000000000105e+01
1.158704803000000538e+03 2.466356599999999943e+01
1.158666708000004292e+03 2.455412000000000106e+01
3.309846047999999428e+03 2.440708000000000055e+01
3.309866840000002412e+03 2.440647399999999934e+01
9.066861600000265753e+01 2.466439300000000046e+01
9.065384500000072876e+01 2.461782399999999882e+01
8.266193170000042301e+02 2.439628400000000141e+01
8.266400649999995949e+02 2.444701200000000085e+01
1.453892276999999012e+03 2.429420500000000160e+01
1.453879622000000381e+03 2.425769700000000029e+01
1.534654792000001180e+03 2.419607500000000044e+01
1.071926326000000699e+03 2.445343700000000098e+01
1.071913195000000997e+03 2.441080099999999931e+01
1.534631509999999253e+03 2.411329999999999885e+01
8.266197640000027604e+02 2.442008200000000073e+01
8.266396180000010645e+02 2.447229199999999949e+01
1.780973896000003151e+03 2.435404300000000077e+01
1.426917473000001337e+03 2.464243400000000150e+01
1.426934563000002527e+03 2.470993700000000004e+01
2.960732155000005150e+03 2.398078800000000044e+01
2.960750044000000344e+03 2.404292299999999827e+01
2.961742401000003156e+03 2.420706699999999856e+01
2.961726252000000386e+03 2.414886299999999864e+01
2.935805314000004728e+03 2.411338299999999890e+01
2.935823005999998713e+03 2.417218799999999845e+01
2.935826173000001290e+03 2.418169200000000174e+01
2.935843348000002152e+03 2.422808600000000112e+01
1.178605360000001383e+03 2.448009000000000057e+01
1.178621682000004512e+03 2.452802900000000008e+01
1.839822614000004251e+03 2.445978399999999908e+01
1.839842574000002060e+03 2.451541599999999832e+01
2.274624184000000241e+03 2.417070700000000016e+01
2.274645375000000058e+03 2.423442100000000110e+01
2.515942283000003954e+03 2.431466100000000097e+01
2.515967703000002075e+03 2.440304700000000082e+01
1.566414280000026338e+02 2.472953299999999999e+01
2.342610812999999325e+03 2.491571400000000125e+01
2.342633331000004546e+03 2.488488800000000012e+01
8.245693299999984447e+02 2.422255099999999928e+01
8.245857240000041202e+02 2.428601899999999958e+01
1.566622419999985141e+02 2.463546099999999939e+01
2.516927479999998468e+03 2.426428800000000052e+01
2.516940313999999489e+03 2.431839000000000084e+01
1.781957920000000740e+03 2.429673700000000025e+01
5.770347100000071805e+01 2.410691999999999879e+01
4.416933720000015455e+02 2.415567899999999923e+01
4.416738909999985481e+02 2.436340200000000067e+01
1.866747531000000890e+03 2.441931200000000146e+01
1.866763683000004676e+03 2.447488799999999998e+01
2.609697465000004740e+03 2.414135900000000134e+01
2.609720180000003893e+03 2.421558800000000033e+01
2.159982123000001593e+03 2.431861200000000167e+01
2.159968838000000687e+03 2.429024199999999922e+01
2.159947170999999798e+03 2.423466499999999968e+01
2.159964780000002065e+03 2.428071299999999866e+01
3.359133619999993243e+02 2.440418199999999871e+01
3.359274760000043898e+02 2.450358699999999956e+01
7.468232300000017858e+02 2.437353900000000095e+01
1.179605645000003278e+03 2.412204399999999893e+01
7.468031830000036280e+02 2.429880400000000051e+01
1.179623943999999028e+03 2.419873099999999866e+01
7.209036679999990156e+02 2.410281099999999910e+01
7.208782360000041081e+02 2.402013300000000129e+01
1.869729220000001078e+03 2.427033000000000129e+01
1.869748795999999857e+03 2.434311299999999889e+01
3.391578183999998146e+03 2.464395800000000136e+01
3.391597410000002128e+03 2.445302200000000070e+01
1.182602645999999368e+03 2.458497799999999955e+01
1.182619318000004569e+03 2.465225900000000081e+01
3.364633236000001489e+03 2.437197099999999850e+01
3.364651475999999093e+03 2.444209000000000032e+01
2.550864184999998542e+03 2.457469700000000046e+01
2.550850364999998419e+03 2.451973600000000175e+01
3.018623298999998951e+03 2.464201699999999917e+01
3.018608890000003157e+03 2.460195699999999874e+01
2.165902915999999095e+03 2.427893900000000116e+01
2.165920081000003847e+03 2.434709700000000154e+01
3.251962057000004279e+03 2.453238199999999836e+01
3.251975656000002346e+03 2.457251099999999866e+01
2.629689237999999023e+03 2.426509700000000080e+01
2.629665957000004710e+03 2.419807600000000036e+01
1.517748084999999264e+03 2.404084500000000091e+01
1.517762839000002714e+03 2.406978600000000057e+01
3.987784430000028806e+02 2.420769699999999958e+01
3.987964280000014696e+02 2.430223600000000062e+01
1.814876904000004288e+03 2.466473399999999927e+01
1.814896112000002177e+03 2.473788400000000109e+01
9.065200600000389386e+01 2.460349400000000131e+01
9.066677599999820814e+01 2.473067599999999899e+01
