3.437733253999998851e+03 2.208237899999999954e+01
2.306732658000000811e+03 2.321372099999999961e+01
3.437751522999998997e+03 2.244135999999999953e+01
1.052123671000001195e+03 2.270682499999999848e+01
3.392726284000003943e+03 2.311743299999999834e+01
3.392708187000003818e+03 2.196364300000000114e+01
1.052099645000002056e+03 2.256174899999999894e+01
3.020809064000000944e+03 2.282545800000000114e+01
3.020784527000003436e+03 2.278334100000000007e+01
2.988815064000002167e+03 2.261492700000000156e+01
3.239132120000002033e+03 2.259853899999999882e+01
8.517206660000010743e+02 2.185566299999999984e+01
8.527306010000029346e+02 2.200620299999999929e+01
1.964791883999998390e+03 2.239197499999999863e+01
1.543760874999999942e+03 2.256520599999999988e+01
1.543776879000004556e+03 2.265345299999999895e+01
2.169121648000000278e+03 2.240777399999999986e+01
2.169127507999997761e+03 2.243724100000000021e+01
2.169148798000001989e+03 2.173966400000000121e+01
2.169109530000001541e+03 2.233566199999999924e+01
1.964771200000002864e+03 2.246996599999999944e+01
6.989027799999894341e+01 2.257537100000000052e+01
6.990632700000423938e+01 2.255126900000000134e+01
7.220193320000034873e+02 2.219608099999999951e+01
7.220423880000016652e+02 2.234363799999999856e+01
5.148100340000019060e+02 2.226329899999999995e+01
5.148217710000026273e+02 2.220882999999999896e+01
2.261877507000004698e+03 2.229016000000000020e+01
2.261894716000002518e+03 2.230758000000000152e+01
3.346872090000004391e+03 2.294135100000000094e+01
3.346887926000003063e+03 2.299721600000000166e+01
3.346855951999998069e+03 2.287231399999999937e+01
1.157831835000004503e+03 2.266734100000000041e+01
2.616988070999999763e+03 2.229599299999999928e+01
1.544792629000003217e+03 2.236587700000000112e+01
1.544808730000004289e+03 2.243031799999999976e+01
2.616940989000002446e+03 2.232865100000000069e+01
1.544820671000001312e+03 2.246965600000000052e+01
2.616958062999998219e+03 2.232643099999999947e+01
1.544832030999998096e+03 2.250087600000000165e+01
2.685720595999999205e+03 2.182192999999999827e+01
3.221521720000018831e+02 2.233474599999999910e+01
4.717134420000002137e+02 2.184255500000000083e+01
2.252854385999999067e+03 2.285116700000000023e+01
2.252871863000000303e+03 2.292299300000000173e+01
2.197016108000003442e+03 2.271384700000000123e+01
7.550264390000011190e+02 2.216545199999999838e+01
7.550397329999977956e+02 2.216976800000000125e+01
2.197002044000000751e+03 2.263460500000000053e+01
2.617011865000000398e+03 2.224895700000000076e+01
1.157855659000000742e+03 2.279838000000000164e+01
7.809302280000047176e+02 2.219975300000000118e+01
7.809543420000045444e+02 2.223545199999999866e+01
2.734751281000004383e+03 2.186196400000000040e+01
3.281505550000001676e+02 2.207419300000000106e+01
3.393711685000002035e+03 2.205465399999999931e+01
2.959889080000000831e+03 2.258536700000000152e+01
2.526157094000001962e+03 2.179243500000000111e+01
3.161394890000010491e+02 2.191935399999999845e+01
1.427142534999999043e+03 2.178004900000000177e+01
3.291530290000009700e+02 2.228453400000000073e+01
3.381914586999999301e+03 2.209180999999999884e+01
3.381806154999998398e+03 2.212431499999999929e+01
3.381820917000004556e+03 2.214446799999999982e+01
3.381838862000004156e+03 2.215927399999999992e+01
3.381852289000002202e+03 2.216306799999999910e+01
3.381901034000002255e+03 2.212057599999999979e+01
1.608838620000002265e+03 2.204082000000000008e+01
1.608818966999999247e+03 2.216200800000000015e+01
3.331535609999991721e+02 2.179237200000000030e+01
2.261876149000003352e+03 2.228736500000000120e+01
3.346888826000002155e+03 2.301114000000000104e+01
7.550026310000030207e+02 2.215257400000000132e+01
7.550210330000045360e+02 2.217097599999999957e+01
2.261891436999998405e+03 2.230649400000000071e+01
2.261917879000000539e+03 2.232006000000000157e+01
2.261896073000003526e+03 2.231073400000000007e+01
2.289926400000003923e+03 2.200803600000000060e+01
2.289950007999999798e+03 2.190933199999999914e+01
1.167309870000026422e+02 2.294157999999999831e+01
2.734750832999998238e+03 2.189920299999999997e+01
1.197240400000009686e+02 2.168487400000000065e+01
1.167134080000032554e+02 2.176964600000000161e+01
2.965939207000003080e+03 2.244914299999999940e+01
2.965927103000001807e+03 2.241488100000000117e+01
1.869882417000000714e+03 2.216360900000000100e+01
1.338499690000026021e+02 2.246748399999999890e+01
2.521152871999998752e+03 2.164622699999999966e+01
1.869898262000002433e+03 2.225151299999999921e+01
1.338364199999996345e+02 2.254721800000000087e+01
3.720922810000047321e+02 2.216023200000000060e+01
3.721059850000019651e+02 2.236775099999999838e+01
2.992804429000003438e+03 2.216119300000000081e+01
2.992820355000003474e+03 2.224667399999999873e+01
8.687499370000005001e+02 2.226810499999999848e+01
8.687923989999981131e+02 2.219904899999999870e+01
8.687626060000038706e+02 2.225514000000000081e+01
8.687775929999988875e+02 2.223154999999999859e+01
1.458023364000000583e+03 2.269648099999999857e+01
1.458006384000000253e+03 2.256318699999999922e+01
1.458032910000001721e+03 2.276771700000000109e+01
1.458051715000001423e+03 2.289055400000000162e+01
2.993917163999998593e+03 2.252903099999999981e+01
2.993901511000003666e+03 2.252012699999999867e+01
1.925750335000004270e+03 2.282507499999999823e+01
1.925764654999999038e+03 2.288273200000000074e+01
1.492039705000002868e+03 2.189042600000000149e+01
1.492058407000004081e+03 2.188192799999999849e+01
1.460087929000001168e+03 2.267692999999999870e+01
2.360759228000002622e+03 2.174002600000000029e+01
2.360747905000003811e+03 2.177415099999999981e+01
1.460074116000003414e+03 2.262529800000000080e+01
2.344780394000001252e+03 2.268189900000000137e+01
2.344796186999999918e+03 2.261240000000000094e+01
2.578949890000003506e+03 2.241455600000000103e+01
2.578930891000003612e+03 2.227728199999999958e+01
3.043722249999998894e+03 2.163970799999999883e+01
3.247150271999998949e+03 2.216988100000000017e+01
6.901417579999979353e+02 2.219316200000000094e+01
6.901557109999994282e+02 2.222412699999999930e+01
2.698838287999999011e+03 2.207916399999999868e+01
1.159811413000003085e+03 2.265320600000000084e+01
1.159824928000001819e+03 2.273923900000000131e+01
2.254842058000001998e+03 2.212244300000000052e+01
2.906064651000000595e+03 2.240107000000000070e+01
2.906079985000003944e+03 2.264244400000000113e+01
2.254856617999997979e+03 2.218514700000000062e+01
2.816712199999892619e+01 2.152551400000000115e+01
3.995257100000162609e+01 2.301106000000000051e+01
3.993309500000032131e+01 2.288511899999999955e+01
2.698816646999999648e+03 2.219135999999999953e+01
3.053787775000004331e+03 2.229826699999999917e+01
3.053766117999999551e+03 2.232292999999999950e+01
1.812049317999997584e+03 2.289852000000000132e+01
4.093880399999761721e+01 2.280049999999999955e+01
4.092113600000448059e+01 2.273242700000000127e+01
9.681748099999822443e+01 2.235154700000000005e+01
9.683641699999861885e+01 2.272477299999999900e+01
2.634800329999998212e+03 2.303452800000000167e+01
1.971743617000000086e+03 2.220551999999999992e+01
2.634816202000001795e+03 2.310925100000000043e+01
3.274166331000000355e+03 2.205466900000000052e+01
4.527611400000023423e+02 2.236644899999999936e+01
4.527812029999986407e+02 2.259203799999999873e+01
2.635773212000000058e+03 2.290449900000000127e+01
4.517914640000017243e+02 2.288807600000000164e+01
2.635792279000001145e+03 2.301766299999999887e+01
4.517774810000046273e+02 2.277968699999999913e+01
1.580726753000002645e+03 2.182258099999999956e+01
1.580747423000000708e+03 2.213792099999999863e+01
3.031717001000004529e+03 2.215437400000000068e+01
8.617221050000007381e+02 2.229922200000000032e+01
1.972736685000003490e+03 2.190969000000000122e+01
1.080086394999998447e+03 2.267512599999999878e+01
1.080064066999999341e+03 2.258049000000000106e+01
1.080073963000002550e+03 2.262558800000000048e+01
1.513860387000000628e+03 2.265583499999999972e+01
1.513875426999999036e+03 2.274039199999999994e+01
1.080050400000000081e+03 2.250914799999999971e+01
3.017753200999999535e+03 2.280335499999999982e+01
3.017736288000000059e+03 2.271230999999999867e+01
2.551029940000000352e+03 2.277824400000000082e+01
1.049142952000001969e+03 2.175789199999999823e+01
2.551044952000003832e+03 2.287975700000000145e+01
1.049126758999998856e+03 2.201503999999999905e+01
2.181162137999999686e+03 2.179688200000000009e+01
3.439827907999999297e+03 2.204629200000000111e+01
1.964787843999998586e+03 2.240999499999999856e+01
3.439805505000003905e+03 2.218181900000000084e+01
1.964766258000003290e+03 2.248127900000000068e+01
1.551950924000004306e+03 2.188102200000000153e+01
1.551915612000004330e+03 2.194508199999999931e+01
1.551935746000002837e+03 2.191332500000000039e+01
1.551903811000003770e+03 2.195912799999999976e+01
4.777279580000031274e+02 2.200544599999999917e+01
4.777170909999986179e+02 2.192957600000000085e+01
3.289029551999999967e+03 2.259451500000000124e+01
3.289047282999999879e+03 2.283242100000000008e+01
1.129920407999998133e+03 2.280641699999999972e+01
1.129895001000004413e+03 2.261447400000000130e+01
2.256830765999999130e+03 2.166598099999999860e+01
2.256844303999998374e+03 2.171805499999999967e+01
1.813063441999998759e+03 2.266611999999999938e+01
1.813073535000003176e+03 2.273495499999999936e+01
6.971394430000000284e+02 2.250630599999999859e+01
1.813044845000003988e+03 2.251286100000000090e+01
6.971585510000004433e+02 2.203036399999999873e+01
1.813092501999999513e+03 2.289238599999999835e+01
6.784915700000419747e+01 2.256048200000000037e+01
6.783309300000109943e+01 2.249663400000000024e+01
4.807309509999977308e+02 2.275084700000000026e+01
4.807173889999976382e+02 2.195095999999999847e+01
1.163917661999999837e+03 2.236754600000000082e+01
2.890151023999998870e+03 2.172229300000000052e+01
2.672847556000000623e+03 2.175999099999999942e+01
1.163905611000001954e+03 2.235452499999999887e+01
2.672869961000003968e+03 2.169999299999999920e+01
3.380964720000047237e+02 2.252820300000000131e+01
3.381554079999987152e+02 2.214517999999999986e+01
1.207340489999987767e+02 2.326053900000000141e+01
1.424151966999997967e+03 2.196138699999999844e+01
3.380841169999985141e+02 2.261165400000000147e+01
9.779396200000337558e+01 2.254914199999999980e+01
9.777819599999929778e+01 2.248713300000000004e+01
3.389723292000002402e+03 2.193139299999999992e+01
1.337559719999990193e+02 2.295953099999999836e+01
1.870907657000003383e+03 2.257179400000000058e+01
1.437151527000001806e+03 2.216742199999999841e+01
1.217716516000000411e+03 2.187917900000000060e+01
1.338309389999994892e+02 2.256309800000000010e+01
1.217733228999997664e+03 2.280305699999999902e+01
2.523149019000004046e+03 2.201800100000000171e+01
1.870927219000004698e+03 2.264405100000000104e+01
1.338490519999977550e+02 2.243063700000000082e+01
3.389707083000001148e+03 2.186947800000000086e+01
1.337702239999998710e+02 2.298734599999999872e+01
2.552038968000000750e+03 2.264688200000000151e+01
2.552020780999999261e+03 2.253209000000000017e+01
2.524104572000003827e+03 2.250487800000000149e+01
2.524117429999998421e+03 2.260892199999999974e+01
1.847023429000000760e+03 2.226754499999999837e+01
1.847008750000000873e+03 2.223367599999999911e+01
3.291534790000005160e+02 2.226268800000000070e+01
