3.282894150000000081e+03 2.305820500000000095e+01
2.632733821000001626e+03 2.314286500000000046e+01
1.126796773000001849e+03 2.291717399999999927e+01
1.126803952000002027e+03 2.296377800000000136e+01
7.139214629999987665e+02 2.276319399999999860e+01
4.227187720000001718e+02 2.334048200000000151e+01
2.634662604999997711e+03 2.293245699999999943e+01
2.634681760999999824e+03 2.305663499999999999e+01
4.766630640000003041e+02 2.303410399999999925e+01
2.545947000000000116e+03 2.355822399999999917e+01
1.895694727000001876e+03 2.296619400000000155e+01
1.895700736999999208e+03 2.300936099999999840e+01
1.896703406000000541e+03 2.296806600000000032e+01
1.895714619999998831e+03 2.309752699999999948e+01
2.160970811999999569e+03 2.298195799999999878e+01
5.985816000000340864e+00 2.377057699999999940e+01
3.463701705999999831e+03 2.296540399999999948e+01
1.510751341000002867e+03 2.299987899999999996e+01
1.837856359999997949e+03 2.305478000000000094e+01
7.428726489999971818e+02 2.322818699999999836e+01
2.282683536999997159e+03 2.326870999999999867e+01
3.015699756000001798e+03 2.318717799999999940e+01
4.537071439999999711e+02 2.311322200000000038e+01
1.511746133000000555e+03 2.311411199999999866e+01
3.369674549999996088e+03 2.332220299999999824e+01
3.370667994999996154e+03 2.309864400000000018e+01
3.370676200000001700e+03 2.314601800000000154e+01
3.580202720000015688e+02 2.367857599999999962e+01
2.544927879000002577e+03 2.341285900000000098e+01
2.544910818999996991e+03 2.329740100000000069e+01
6.869808200000261422e+01 2.291179899999999847e+01
1.041026348999999755e+03 2.155935799999999958e+01
2.544926085999999486e+03 2.341185799999999873e+01
2.544926981999997224e+03 2.341711300000000051e+01
2.342664692999998806e+03 2.311418099999999853e+01
2.544905443999996351e+03 2.327467800000000153e+01
7.448550640000030398e+02 2.291511799999999965e+01
2.159991306999996596e+03 2.296600400000000164e+01
1.190644882000000507e+03 2.282652600000000120e+01
1.423993153000003076e+03 2.329006299999999996e+01
1.451939312000002246e+03 2.277367500000000078e+01
8.016899629999970784e+02 2.293302999999999869e+01
3.958959719999984372e+02 2.319385499999999922e+01
8.346396979999990435e+02 2.349048799999999915e+01
3.018662954999999783e+03 2.326450300000000126e+01
1.543658655999999610e+03 2.303298900000000060e+01
6.869763399999646936e+01 2.287707699999999988e+01
1.805944993999997678e+03 2.309566799999999986e+01
2.279645577000002959e+03 2.288772000000000162e+01
2.898997212000002037e+03 2.285520100000000099e+01
1.155730705000001763e+03 2.311373999999999995e+01
2.220804070999998657e+03 2.293424800000000019e+01
1.806959577000001445e+03 2.299294099999999830e+01
1.155757175999999163e+03 2.325775199999999998e+01
2.958932638999998744e+03 2.343533299999999997e+01
2.988742801000000327e+03 2.300255299999999892e+01
8.026855890000006184e+02 2.274299299999999846e+01
2.957996377000003122e+03 2.314380200000000087e+01
2.988771132000001671e+03 2.311279700000000048e+01
1.517135560000024270e+02 2.346896299999999869e+01
2.988739213000000746e+03 2.298553899999999928e+01
2.338690275000000838e+03 2.326357000000000141e+01
2.282683088999998290e+03 2.322763199999999983e+01
7.139376499999998487e+02 2.281120699999999957e+01
1.837858150000000023e+03 2.300932699999999897e+01
3.281911941999998817e+03 2.274059499999999900e+01
3.281921827999998641e+03 2.280085899999999910e+01
3.282907655000002705e+03 2.307844199999999901e+01
2.602777786999999080e+03 2.303716899999999868e+01
2.632734269000000495e+03 2.311077200000000076e+01
2.632736063999996986e+03 2.311742399999999975e+01
2.603795336000002862e+03 2.335437500000000099e+01
4.177875619999977062e+02 2.337615999999999872e+01
4.177848709999962011e+02 2.338169999999999860e+01
2.898996314999996684e+03 2.285103099999999898e+01
2.220804518999997526e+03 2.292659099999999839e+01
3.580198220000020228e+02 2.366047000000000011e+01
