1.020294460000004619e+02 2.420874799999999993e+01
1.021200339999995776e+02 2.383200199999999924e+01
1.019805590000032680e+02 2.385248999999999953e+01
6.692840599999908591e+01 2.376038300000000092e+01
6.689971800000057556e+01 2.355995800000000173e+01
6.690198200000304496e+01 2.360426100000000105e+01
6.695202000000426779e+01 2.380182100000000034e+01
6.690911200000118697e+01 2.366464099999999959e+01
6.691719000000011874e+01 2.351908699999999897e+01
6.691991799999959767e+01 2.346957000000000093e+01
1.010121150000049965e+02 2.402543700000000015e+01
1.012175710000010440e+02 2.380880900000000011e+01
1.011672480000052019e+02 2.412516199999999955e+01
1.112286969999986468e+02 2.433987499999999926e+01
1.197955510000028880e+02 2.350044400000000167e+01
1.198087290000039502e+02 2.359931500000000071e+01
1.198225640000018757e+02 2.376870500000000064e+01
1.198417790000021341e+02 2.339214600000000033e+01
1.010629950000002282e+02 2.408348499999999959e+01
1.010210290000031819e+02 2.413742900000000091e+01
1.011405159999994794e+02 2.405359800000000092e+01
1.010263800000029732e+02 2.417293400000000148e+01
1.010339630000016768e+02 2.415076699999999832e+01
1.010442519999996875e+02 2.428871699999999834e+01
