3.364785617000001366e+03 2.301550999999999902e+01
1.889853756000004068e+03 2.308217199999999991e+01
3.839697420000011334e+02 2.321930000000000049e+01
1.889852858999998716e+03 2.307745900000000105e+01
4.158541350000014063e+02 2.305621400000000065e+01
2.154116548999998486e+03 2.303414799999999829e+01
1.504912692999998399e+03 2.333142300000000091e+01
1.504896510999999009e+03 2.324281099999999967e+01
1.121925422000000253e+03 2.314391000000000176e+01
2.892118566999997711e+03 2.277587000000000117e+01
3.335970246999997471e+03 2.337340999999999980e+01
2.272827793000004021e+03 2.315480200000000011e+01
2.274781396999998833e+03 2.316929100000000119e+01
2.274806619000002684e+03 2.330930000000000035e+01
1.567750155000001541e+03 2.326453100000000163e+01
7.958438070000047446e+02 2.291547100000000015e+01
2.950929663000002620e+03 2.281711900000000171e+01
2.950970896999999241e+03 2.302245599999999826e+01
2.950922463000002608e+03 2.276626299999999858e+01
2.951940538000002562e+03 2.312041599999999875e+01
1.468096540000042296e+02 2.275190699999999921e+01
2.301739181999997527e+03 2.332599700000000098e+01
1.183793841999999131e+03 2.298282499999999828e+01
1.183785317000001669e+03 2.293721199999999882e+01
1.863903417000001355e+03 2.302127600000000029e+01
1.863919101999999839e+03 2.312117800000000045e+01
1.445076203000004170e+03 2.279845399999999955e+01
2.272826893999997992e+03 2.316189299999999918e+01
7.948771370000031311e+02 2.323603900000000166e+01
2.950949853999998595e+03 2.294113099999999861e+01
1.567751948999997694e+03 2.327787800000000118e+01
2.274785878000002413e+03 2.320264099999999985e+01
2.274772877000003064e+03 2.311129400000000089e+01
7.698930890000046929e+02 2.289540099999999967e+01
2.302741697999997996e+03 2.321965300000000099e+01
7.958429099999993923e+02 2.291625600000000063e+01
1.467975839999999152e+02 2.280333600000000160e+01
2.951941436000000976e+03 2.313132500000000036e+01
3.510786910000024363e+02 2.332693799999999840e+01
3.510570660000012140e+02 2.298606399999999894e+01
3.008879426999999851e+03 2.323544300000000007e+01
1.505900373000004038e+03 2.319933999999999941e+01
1.891820952000001853e+03 2.314815600000000018e+01
2.159090493000003335e+03 2.278722199999999987e+01
3.011819233000001987e+03 2.335276199999999847e+01
3.011818333000002895e+03 2.335028700000000157e+01
3.011805785000004107e+03 2.331069799999999859e+01
8.277565370000011171e+02 2.341880300000000048e+01
6.003583300000173040e+01 2.284811200000000042e+01
1.830990987000004679e+03 2.301461700000000121e+01
3.340875484000003780e+03 2.331219799999999864e+01
3.069811093000003893e+03 2.308489199999999997e+01
2.656746083999998518e+03 2.299430100000000010e+01
1.799116398999998637e+03 2.322414300000000154e+01
2.655739562000002479e+03 2.281692200000000170e+01
4.109171820000046864e+02 2.346605200000000124e+01
2.596938563000003342e+03 2.340544799999999981e+01
2.597905625999999756e+03 2.284449299999999994e+01
2.597914447000002838e+03 2.289419499999999985e+01
3.276032731999999669e+03 2.303265700000000038e+01
3.275055322000000160e+03 2.281554200000000066e+01
2.627884517999998934e+03 2.329194100000000134e+01
4.158623650000008638e+02 2.302633000000000152e+01
1.148889258000002883e+03 2.326390800000000070e+01
1.800094173999998020e+03 2.300789100000000076e+01
7.070984220000027562e+02 2.297458599999999862e+01
7.380191290000002482e+02 2.304650399999999877e+01
8.786361900000338210e+01 2.362062399999999940e+01
1.120134700000002340e+03 2.303751899999999964e+01
1.120967074000000139e+03 2.323237299999999905e+01
8.878207100000145147e+01 2.319638799999999890e+01
1.120960792999998375e+03 2.320199300000000164e+01
2.892138023999999859e+03 2.281437800000000138e+01
4.698324040000006789e+02 2.288975299999999891e+01
7.699042960000006133e+02 2.297096600000000066e+01
3.510795890000008512e+02 2.332236800000000088e+01
3.364794334999998682e+03 2.300846900000000161e+01
3.364810273000002780e+03 2.312081900000000090e+01
2.538085532999997668e+03 2.350203700000000140e+01
2.538057746999998926e+03 2.334404699999999977e+01
3.839710879999984172e+02 2.316953600000000080e+01
1.183787558000003628e+03 2.289166799999999924e+01
