2.909882673000000068e+03 2.440502700000000047e+01
2.909907545000001846e+03 2.447319099999999992e+01
2.242681946000004245e+03 2.371258600000000172e+01
2.270633130000001984e+03 2.367484200000000172e+01
2.243739779000003182e+03 2.372842199999999835e+01
2.243725702000003366e+03 2.370894399999999891e+01
3.318797440000002098e+03 2.436917299999999997e+01
3.318815726000000723e+03 2.440223800000000054e+01
6.939474059999993187e+02 2.441226500000000144e+01
6.939287489999987883e+02 2.435276100000000099e+01
2.911873405999998795e+03 2.373027799999999843e+01
2.911858449999999721e+03 2.365581500000000048e+01
7.957769130000015139e+02 2.358802100000000124e+01
1.574583967999999004e+03 2.450813300000000083e+01
1.574597534000000451e+03 2.453221900000000133e+01
2.965725790000004054e+03 2.369721499999999992e+01
2.965746119000003091e+03 2.376343900000000176e+01
2.329645178999999189e+03 2.413722299999999876e+01
4.007857930000027409e+02 2.404719199999999901e+01
4.008018640000009327e+02 2.419061699999999959e+01
2.169887029000004986e+03 2.418715399999999960e+01
2.169905265000001236e+03 2.425143200000000121e+01
1.902674164000003657e+03 2.405364700000000155e+01
1.902659551000004285e+03 2.400772399999999962e+01
1.069982851000000664e+03 2.427622699999999867e+01
1.053976034999999683e+03 2.413519799999999904e+01
2.186846853000002739e+03 2.385157699999999892e+01
2.607689183000002231e+03 2.363766499999999837e+01
3.255939199000000372e+03 2.440226300000000137e+01
2.172954313000002003e+03 2.452059099999999958e+01
6.939283020000002580e+02 2.435861500000000035e+01
3.255961853000000701e+03 2.446419500000000014e+01
6.939465090000012424e+02 2.442266700000000057e+01
1.100824813999999606e+03 2.406901399999999924e+01
2.172935930999999982e+03 2.448457600000000056e+01
2.607707395000004908e+03 2.370138899999999893e+01
1.100841341999999713e+03 2.412248599999999854e+01
2.186865145000003395e+03 2.389624999999999844e+01
2.188870238000003155e+03 2.385034800000000033e+01
2.188855160999999498e+03 2.382686100000000096e+01
1.574583521000000474e+03 2.453137299999999854e+01
1.574597088000002259e+03 2.455782100000000057e+01
2.329644731000000320e+03 2.417861200000000110e+01
2.547874061000002257e+03 2.407463500000000067e+01
2.547892548000003444e+03 2.413786899999999847e+01
3.393602147000005061e+03 2.403073600000000098e+01
1.874757820999999240e+03 2.417579800000000034e+01
3.393584380000000237e+03 2.399144400000000132e+01
1.874744786000002932e+03 2.412948799999999849e+01
3.419692050000012387e+02 2.409551899999999947e+01
3.419196230000015930e+02 2.411566799999999944e+01
3.418985339999999269e+02 2.383594199999999930e+01
3.419503390000027139e+02 2.412686499999999867e+01
3.568931660000016564e+02 2.436816500000000119e+01
3.568748689999993076e+02 2.417219000000000051e+01
3.439424140000046464e+02 2.417460000000000164e+01
3.439717969999983325e+02 2.413840199999999925e+01
2.923888455000000249e+03 2.356755899999999926e+01
2.923911850000004051e+03 2.360190300000000008e+01
3.346672675000001618e+03 2.394378199999999879e+01
3.346687769000003755e+03 2.399431900000000084e+01
1.150689502000001085e+03 2.368518600000000163e+01
1.150711590999999316e+03 2.361142900000000111e+01
1.150770560000004480e+03 2.361816599999999866e+01
1.150756126000000222e+03 2.362076800000000176e+01
1.178675187000000733e+03 2.401345600000000147e+01
2.904894870000003721e+03 2.425151699999999977e+01
2.904912647000004654e+03 2.430397400000000019e+01
2.904915821000002325e+03 2.431241699999999994e+01
2.904942052999998850e+03 2.437196399999999841e+01
1.077945831000004546e+03 2.400993499999999869e+01
1.077931061000002956e+03 2.397505299999999906e+01
4.267026249999980791e+02 2.435456800000000044e+01
4.267228020000038669e+02 2.414160100000000142e+01
3.015633405000000494e+03 2.440517300000000134e+01
3.015612893999998050e+03 2.435140699999999825e+01
2.542958966999998665e+03 2.430372099999999946e+01
2.542974889000004623e+03 2.431837900000000019e+01
8.395818110000036540e+02 2.429458299999999937e+01
4.217304040000017267e+02 2.404817299999999847e+01
8.395997730000017327e+02 2.433582399999999879e+01
1.272642248000003747e+03 2.401970999999999989e+01
4.217166730000026291e+02 2.408315400000000039e+01
2.157969533000003139e+03 2.364276999999999873e+01
2.157955891999998130e+03 2.360842900000000100e+01
2.157924330000001646e+03 2.351171000000000078e+01
2.157941030000001774e+03 2.356589500000000115e+01
1.272626902000003611e+03 2.407598600000000033e+01
2.529983242000002065e+03 2.450618400000000108e+01
2.375621511000004830e+03 2.374508200000000002e+01
1.894705173000002105e+03 2.432529100000000000e+01
1.894661212999999407e+03 2.421165600000000140e+01
1.894686620000000403e+03 2.428367000000000075e+01
1.894643087000004016e+03 2.414905600000000163e+01
1.564597085000001243e+03 2.387765100000000018e+01
1.564605434000004607e+03 2.389838599999999857e+01
1.564576670000002196e+03 2.381927599999999856e+01
1.564628191000003426e+03 2.394596299999999900e+01
3.073648924000000989e+03 2.428091699999999875e+01
3.073660366000003705e+03 2.425954199999999972e+01
3.073681234000003315e+03 2.421223099999999917e+01
3.073696253000001889e+03 2.417222800000000049e+01
2.626687219999999797e+03 2.356615199999999888e+01
2.626669795000001614e+03 2.373333399999999926e+01
2.638629275999999663e+03 2.428084899999999990e+01
2.611702703000002657e+03 2.379606499999999869e+01
2.611720990000001621e+03 2.387755299999999892e+01
2.638645080000002054e+03 2.432987299999999919e+01
7.957728550000028918e+02 2.361349600000000137e+01
2.965744780000000901e+03 2.377650300000000172e+01
2.965725342999998247e+03 2.370755799999999880e+01
7.957773610000003828e+02 2.361245500000000064e+01
7.957549580000049900e+02 2.361796700000000016e+01
2.300584079000000202e+03 2.427930800000000033e+01
1.432964170999999624e+03 2.434536500000000103e+01
2.300602495999999519e+03 2.432501399999999947e+01
2.300610645000000659e+03 2.434232899999999944e+01
2.300625141000004078e+03 2.425553899999999885e+01
1.432978516000002855e+03 2.437994899999999987e+01
1.432925076999999874e+03 2.422153899999999993e+01
1.432940119999999297e+03 2.427449700000000021e+01
1.074959296000000904e+03 2.415900200000000098e+01
1.074975763000002189e+03 2.418454799999999949e+01
1.509693336000003910e+03 2.418497800000000097e+01
1.509715766000001167e+03 2.426328000000000173e+01
7.687603589999998803e+02 2.392956900000000076e+01
7.687382169999982580e+02 2.390375500000000031e+01
3.373615544000000227e+03 2.420054299999999969e+01
2.360665205000004789e+03 2.423869699999999838e+01
3.373636177000000316e+03 2.426687899999999942e+01
1.316674229999989620e+02 2.411272400000000005e+01
1.316840139999985695e+02 2.408889399999999981e+01
1.841799879999998666e+03 2.383674099999999996e+01
1.841816990999999689e+03 2.389944900000000061e+01
1.831962427999998908e+03 2.401290699999999845e+01
1.831945200000001932e+03 2.400368399999999980e+01
1.831912129000003915e+03 2.396719799999999978e+01
5.017001450000025216e+02 2.436947699999999983e+01
3.322811364000001049e+03 2.416413700000000020e+01
5.017143560000040452e+02 2.430080500000000043e+01
1.831928239000000758e+03 2.398799199999999843e+01
3.322793870000001334e+03 2.412736800000000059e+01
1.153700194000004558e+03 2.418190699999999893e+01
2.897984421000001021e+03 2.391359200000000129e+01
7.109252689999993891e+02 2.382810299999999870e+01
7.109397860000026412e+02 2.386508699999999905e+01
7.109460670000044047e+02 2.387959599999999938e+01
7.109633340000000317e+02 2.391518400000000000e+01
2.662575305999998818e+03 2.377800200000000075e+01
1.181666137000000163e+03 2.450057599999999880e+01
1.181645067000004929e+03 2.444757500000000050e+01
2.662587828000003356e+03 2.381350600000000028e+01
1.153688853999999992e+03 2.414414999999999978e+01
2.967753404000002774e+03 2.381001399999999890e+01
1.448867075000001932e+03 2.395178100000000043e+01
2.967775493000001006e+03 2.391286799999999957e+01
1.448890675000002375e+03 2.403342800000000068e+01
7.986464909999995143e+02 2.382028199999999885e+01
7.986667979999983800e+02 2.389970500000000087e+01
1.449880268000000797e+03 2.399164499999999833e+01
1.449897149000003992e+03 2.403997499999999832e+01
1.449894467999998596e+03 2.403261900000000040e+01
1.449919062000000849e+03 2.409494499999999917e+01
2.549854677000002994e+03 2.430320400000000092e+01
2.549870619000001170e+03 2.436521400000000170e+01
2.547874508000000787e+03 2.406289900000000159e+01
2.547896597999999358e+03 2.413149900000000159e+01
2.549854231000004802e+03 2.429240899999999925e+01
2.549871065999999701e+03 2.435289500000000018e+01
2.967777745999999752e+03 2.389322999999999908e+01
1.448890228000003844e+03 2.403430300000000130e+01
2.967754743000004964e+03 2.379919599999999846e+01
1.448866629000003741e+03 2.395946899999999857e+01
1.449880714999999327e+03 2.398957000000000050e+01
7.986733160000003409e+02 2.390653400000000062e+01
1.449895809000001464e+03 2.402913300000000163e+01
7.986672450000041863e+02 2.388694800000000029e+01
7.986469370000049821e+02 2.381386900000000040e+01
7.986968140000026324e+02 2.397298100000000076e+01
1.931625455000001239e+03 2.378679800000000100e+01
1.931582975000004808e+03 2.367854300000000123e+01
1.931607613000000129e+03 2.374597699999999989e+01
1.931597483999998076e+03 2.371989200000000153e+01
2.582761008000001311e+03 2.421261399999999853e+01
2.582781161999999313e+03 2.428587800000000030e+01
4.286821190000046045e+02 2.398787599999999998e+01
4.286632939999981318e+02 2.400505799999999823e+01
3.467636448000004748e+03 2.369126199999999827e+01
1.514731084999999439e+03 2.372335700000000003e+01
3.467618396999998367e+03 2.374196500000000043e+01
1.514712381000004825e+03 2.366903900000000149e+01
1.094873603000000003e+03 2.409496299999999991e+01
1.094852783000002091e+03 2.404628299999999896e+01
3.292898291999998037e+03 2.428143400000000085e+01
3.292915718000003835e+03 2.430848500000000101e+01
3.292941763000002538e+03 2.433558899999999880e+01
1.122969510000002629e+03 2.376743099999999842e+01
1.122983100999997987e+03 2.374873600000000096e+01
3.292877835999999661e+03 2.424022400000000133e+01
2.335648096000004443e+03 2.408131399999999900e+01
2.335669353000004776e+03 2.405001999999999995e+01
1.516721911000000546e+03 2.387127299999999863e+01
1.516739197000002605e+03 2.391496700000000075e+01
2.602761428999998316e+03 2.437387599999999921e+01
2.602744688999999198e+03 2.432978699999999961e+01
1.496469270000015968e+02 2.442193299999999923e+01
1.496260340000008000e+02 2.455226000000000042e+01
1.902675952999998117e+03 2.400825199999999882e+01
1.902661337000005005e+03 2.395870199999999883e+01
1.813909962999998243e+03 2.444186699999999846e+01
5.127001620000010007e+02 2.437135100000000065e+01
5.126789439999993192e+02 2.443481200000000086e+01
1.813872687000002770e+03 2.431241899999999845e+01
1.813925502999998571e+03 2.448306200000000032e+01
1.813889308999998320e+03 2.437534600000000040e+01
2.881960133000000496e+03 2.434960399999999936e+01
2.881944583000004059e+03 2.429326400000000064e+01
8.767028199999913340e+01 2.465178099999999972e+01
6.168563700000231620e+01 2.403924599999999856e+01
6.170599700000457233e+01 2.391872299999999996e+01
6.166579700000147568e+01 2.366500399999999971e+01
2.908901482000001124e+03 2.390745899999999935e+01
2.908884052000001248e+03 2.384673099999999835e+01
3.342743073000005097e+03 2.394310899999999975e+01
3.342716019999999844e+03 2.386812899999999971e+01
6.168474399999831803e+01 2.399833100000000030e+01
1.137752996000002895e+03 2.388700299999999999e+01
1.137776203000001260e+03 2.398517299999999963e+01
2.222763501000001270e+03 2.425020500000000112e+01
2.222781613999999536e+03 2.430799199999999871e+01
8.765028400000301190e+01 2.448998699999999928e+01
1.607621765000003506e+03 2.407711499999999916e+01
1.607596425000003364e+03 2.408382900000000149e+01
2.909901314000002458e+03 2.442225900000000038e+01
2.909881332000004477e+03 2.435340599999999966e+01
2.911859791000002588e+03 2.362505099999999914e+01
8.960043299999961164e+01 2.395247200000000021e+01
8.961527000000205589e+01 2.404057800000000000e+01
2.911872065000003204e+03 2.367638799999999932e+01
3.318801018999998632e+03 2.434966800000000120e+01
3.318818551000003936e+03 2.438730999999999938e+01
1.126758929000003263e+03 2.413033000000000072e+01
