7.098744100000476465e+01 2.235030100000000175e+01
7.100214499999856343e+01 2.226954100000000025e+01
4.120713700000487734e+01 2.300491200000000092e+01
7.097940799999923911e+01 2.229717899999999986e+01
7.102498100000229897e+01 2.203365399999999852e+01
7.095529000000533415e+01 2.205391799999999947e+01
4.121473500000138301e+01 2.131014499999999856e+01
7.100484800000413088e+01 2.226368099999999828e+01
4.111050800000521122e+01 2.285619700000000165e+01
4.115636200000153622e+01 2.294084399999999846e+01
7.101330800000141608e+01 2.227834500000000162e+01
4.108604400000331225e+01 2.286574500000000043e+01
4.114167699999961769e+01 2.293778599999999912e+01
4.118170600000303239e+01 2.299640499999999932e+01
4.118706899999961024e+01 2.298934900000000070e+01
4.119241400000464637e+01 2.297600100000000012e+01
7.097896400000172434e+01 2.229191499999999948e+01
7.104299600000376813e+01 2.203908699999999854e+01
7.100440399999934016e+01 2.223726500000000073e+01
7.095484600000054343e+01 2.207188999999999979e+01
7.102453700000478420e+01 2.199283799999999900e+01
7.095214600000326755e+01 2.211582200000000142e+01
7.102813800000149058e+01 2.202697600000000122e+01
7.098699699999997392e+01 2.233799199999999985e+01
4.409863600000244332e+01 2.267809700000000106e+01
4.402957500000047730e+01 2.258337799999999973e+01
4.403315899999870453e+01 2.257716100000000026e+01
4.403941000000486383e+01 2.256939200000000056e+01
4.404208900000230642e+01 2.251484299999999905e+01
4.413253100000292761e+01 2.291736099999999965e+01
4.404966399999830173e+01 2.257752599999999887e+01
4.401309200000105193e+01 2.256739900000000176e+01
4.401575400000001537e+01 2.254558600000000013e+01
4.419209899999987101e+01 2.297550800000000137e+01
4.419522600000345847e+01 2.291824599999999990e+01
4.400685099999827798e+01 2.246160199999999918e+01
4.421003400000336114e+01 2.301295000000000002e+01
