2.958916163000001688e+03 2.434243999999999986e+01
2.958905455000000075e+03 2.428389999999999915e+01
4.169286599999977625e+02 2.467823200000000128e+01
4.169078630000003614e+02 2.466441500000000175e+01
3.006778400000002875e+03 2.442261600000000143e+01
3.006792204999997921e+03 2.449278500000000136e+01
8.817880159999986063e+02 2.499543699999999902e+01
8.817695989999992889e+02 2.506316100000000091e+01
8.284796199999982491e+01 2.453437100000000015e+01
8.286852300000464311e+01 2.451406199999999913e+01
1.418126127000003180e+03 2.472500600000000048e+01
1.419121270000003278e+03 2.473909300000000044e+01
2.952967493000003742e+03 2.421328300000000056e+01
1.449058716999999888e+03 2.429394500000000079e+01
1.449077174999998533e+03 2.436377900000000096e+01
2.952950793000003614e+03 2.415772899999999979e+01
2.512126991000004637e+03 2.460647700000000171e+01
7.629282329999987269e+02 2.406034500000000165e+01
1.117337729999999283e+02 2.470283500000000032e+01
7.629127569999982370e+02 2.397260100000000094e+01
1.117488000000012107e+02 2.465564399999999878e+01
2.513112351000003400e+03 2.459392400000000123e+01
2.513132465000002412e+03 2.471765100000000004e+01
3.580343350000039209e+02 2.444751600000000025e+01
3.580074539999986882e+02 2.450060300000000169e+01
3.580264420000021346e+02 2.450429499999999905e+01
3.580514889999976731e+02 2.453311000000000064e+01
2.270824923000000126e+03 2.455859900000000096e+01
2.949023866000003181e+03 2.443598300000000023e+01
2.949042974000003596e+03 2.442501599999999939e+01
2.298758246999997937e+03 2.495478999999999914e+01
1.418131121999998868e+03 2.475526400000000038e+01
2.298744637000003422e+03 2.490840199999999882e+01
2.953912521999998717e+03 2.416372499999999945e+01
2.953940135000004375e+03 2.431152799999999914e+01
1.449077632000000449e+03 2.437425100000000100e+01
1.449093473000000813e+03 2.442161600000000021e+01
2.952918252000003122e+03 2.400228299999999848e+01
2.952935160000000906e+03 2.409487499999999827e+01
3.388730016000001342e+03 2.445705600000000146e+01
3.388745543000004545e+03 2.453792599999999879e+01
7.998047510000033071e+02 2.438508699999999862e+01
7.998262299999987590e+02 2.451337799999999945e+01
1.892843915999997989e+03 2.432562199999999919e+01
1.892857028999998874e+03 2.437952699999999950e+01
2.594129682999999204e+03 2.429173400000000171e+01
1.244836634999999660e+03 2.419735800000000125e+01
1.244814349000000220e+03 2.433309200000000061e+01
3.284011869000001752e+03 2.446556800000000109e+01
3.284025261000002502e+03 2.454091999999999985e+01
1.146061129000001529e+03 2.435852099999999965e+01
1.832977413000000524e+03 2.437104700000000079e+01
1.832997220999997808e+03 2.448569600000000079e+01
5.201176700000360142e+01 2.407890400000000142e+01
1.798082718999998178e+03 2.429172700000000162e+01
1.798100963000004413e+03 2.438059000000000154e+01
1.798109963000002608e+03 2.441755099999999956e+01
1.798131210999999894e+03 2.448804200000000009e+01
3.308009133999999904e+03 2.489665300000000059e+01
3.307982672999998613e+03 2.481722600000000156e+01
7.140554390000033891e+02 2.437556700000000021e+01
7.140685999999986961e+02 2.444295199999999824e+01
7.051338180000020657e+02 2.465807699999999869e+01
2.623835777000000235e+03 2.470799500000000037e+01
2.623822139000003517e+03 2.463410999999999973e+01
1.539834415999997873e+03 2.469865700000000075e+01
1.539849434000003384e+03 2.476150900000000021e+01
2.598891792000002170e+03 2.444499199999999917e+01
2.598905451999999059e+03 2.451736199999999855e+01
2.626827232000003278e+03 2.410402099999999947e+01
2.626843054999997548e+03 2.417463899999999910e+01
2.182134773999998288e+03 2.431318600000000174e+01
4.668140770000027260e+02 2.450715900000000147e+01
4.668346930000043358e+02 2.423765200000000064e+01
1.171797735000000102e+03 2.417206399999999888e+01
1.171815958999999566e+03 2.427730000000000032e+01
1.150962827000003017e+03 2.489887399999999928e+01
1.150978655999999319e+03 2.489519800000000060e+01
1.801054945000003499e+03 2.413280999999999921e+01
1.801078338999999687e+03 2.428674399999999878e+01
2.246914314000001468e+03 2.433678899999999956e+01
1.172807122999998683e+03 2.460220800000000096e+01
1.172824206999997841e+03 2.468655000000000044e+01
2.246895351999999548e+03 2.427739300000000000e+01
1.151905555999997887e+03 2.448860300000000123e+01
7.989260800000192830e+01 2.487600600000000028e+01
2.291748823000001721e+03 2.386533299999999969e+01
3.387737287000003562e+03 2.445882999999999896e+01
3.387750910000002477e+03 2.452449299999999965e+01
2.956897888999999850e+03 2.443404999999999916e+01
2.956922418000001926e+03 2.457614999999999839e+01
7.998257799999992130e+02 2.450709499999999963e+01
7.998043039999975008e+02 2.438109700000000046e+01
1.117342229999994743e+02 2.466060299999999827e+01
1.117497060000023339e+02 2.461992700000000056e+01
2.270804146000002220e+03 2.441975100000000154e+01
2.270821219999997993e+03 2.450046800000000147e+01
1.859955838000001677e+03 2.437400699999999887e+01
1.859938522000004014e+03 2.430266699999999958e+01
2.512131076999998186e+03 2.457195700000000116e+01
