4.594978000000264728e+01 2.262420200000000037e+01
4.593993000000045868e+01 2.264697299999999913e+01
4.610556100000394508e+01 2.257339899999999844e+01
4.592019200000504497e+01 2.250348200000000176e+01
4.602783099999942351e+01 2.275288499999999914e+01
4.605917400000180351e+01 2.280434199999999834e+01
4.607771000000502681e+01 2.269612300000000005e+01
4.592599100000370527e+01 2.256305300000000003e+01
4.598996199999965029e+01 2.282055400000000134e+01
2.216965500000515021e+01 2.296383399999999853e+01
2.217189599999983329e+01 2.292983399999999961e+01
2.218752700000186451e+01 2.296649000000000029e+01
2.220224299999972573e+01 2.299332100000000167e+01
2.218976200000179233e+01 2.300842799999999855e+01
2.220313000000169268e+01 2.295426900000000003e+01
2.128982000001997221e+00 2.217979000000000056e+01
2.122722000000067055e+00 2.214366000000000057e+01
2.071776000004319940e+00 2.195554800000000029e+01
2.062417000001005363e+00 2.186745000000000161e+01
2.145113999999011867e+00 2.208512699999999995e+01
2.100395000001299195e+00 2.217180400000000162e+01
2.109756000005290844e+00 2.212920899999999946e+01
2.183615000001736917e+00 2.209926300000000055e+01
2.063762999998289160e+00 2.187185799999999958e+01
2.139280000003054738e+00 2.209240199999999987e+01
2.163440000003902242e+00 2.221082300000000131e+01
2.169727000000420958e+00 2.216552899999999937e+01
2.116892999998526648e+00 2.218716699999999875e+01
2.189901000005193055e+00 2.208232299999999881e+01
2.091925000000628643e+00 2.207311100000000081e+01
2.019967100000212668e+01 2.284504700000000099e+01
4.521513599999889266e+01 2.293352700000000155e+01
4.513525099999969825e+01 2.260624500000000126e+01
4.512588500000128988e+01 2.272275600000000040e+01
4.503333399999974063e+01 2.274873900000000049e+01
4.593006600000080653e+01 2.249021499999999918e+01
4.594749900000169873e+01 2.249702200000000119e+01
4.594306100000540027e+01 2.246908099999999919e+01
4.611600000000180444e+01 2.253020499999999871e+01
4.593764999999984866e+01 2.251805099999999982e+01
4.595250099999975646e+01 2.250640100000000032e+01
4.610600700000213692e+01 2.251816200000000023e+01
4.596589900000253692e+01 2.252634799999999871e+01
4.596050300000206335e+01 2.251566400000000101e+01
2.920706200000131503e+01 2.209886200000000045e+01
