2.883971709999997984e+03 2.177268600000000021e+01
2.883988029000000097e+03 2.184028800000000103e+01
2.884976769000000786e+03 2.183039899999999989e+01
2.884966940999998769e+03 2.178737699999999933e+01
2.884968725999999151e+03 2.179552699999999987e+01
5.494777900000190130e+01 2.108839700000000050e+01
3.425623775000000023e+03 2.155667199999999895e+01
3.443701086000000942e+03 2.167939000000000149e+01
3.443677819999997155e+03 2.173141299999999987e+01
2.589843396999996912e+03 2.184121999999999986e+01
2.589832636999999522e+03 2.181657600000000130e+01
2.589835328000001027e+03 2.182305399999999906e+01
2.589842500999999174e+03 2.183929300000000140e+01
8.526215299999967101e+02 2.165248100000000164e+01
4.368619059999982710e+02 2.158581699999999870e+01
3.474660033000000112e+03 2.149055099999999996e+01
1.521707783999998355e+03 2.144169799999999881e+01
2.621882621999997355e+03 2.163766100000000137e+01
1.767026808000002347e+03 2.157813900000000018e+01
2.174949529999998049e+03 2.140913400000000166e+01
2.174953577000000223e+03 2.142119699999999938e+01
4.656655709999977262e+02 2.144443199999999905e+01
4.656817749999972875e+02 2.133219499999999869e+01
3.414610742999997456e+03 2.171157799999999938e+01
2.562914698000000499e+03 2.186130100000000098e+01
3.028600938999996288e+03 2.148637300000000039e+01
3.028609880999996676e+03 2.151947900000000047e+01
3.028671614999999292e+03 2.182424400000000020e+01
2.146997759999998379e+03 2.162740600000000057e+01
1.524779199999997218e+03 2.106284499999999937e+01
1.524799122999997053e+03 2.109550300000000078e+01
1.524809538000001339e+03 2.110860699999999923e+01
2.260759982999996282e+03 2.114142000000000010e+01
3.179947990000000573e+02 2.156139200000000145e+01
3.179974759999968228e+02 2.163851899999999873e+01
3.356809075999997731e+03 2.170933499999999938e+01
1.197626104000002670e+03 2.113916199999999890e+01
1.197625208999997994e+03 2.113628599999999835e+01
1.197618942000000970e+03 2.111533500000000174e+01
1.197638663999998244e+03 2.117653599999999869e+01
1.849871863000000303e+03 2.197167100000000062e+01
1.849875448999999207e+03 2.197930799999999962e+01
1.496819760999998834e+03 2.135350599999999943e+01
3.031626700000000710e+03 2.154574399999999912e+01
1.188617555999997421e+03 2.144290600000000069e+01
1.188609508000001370e+03 2.125568499999999972e+01
2.177016049999998359e+03 2.171965600000000052e+01
1.525806593000001158e+03 2.106337399999999960e+01
8.746358630000031553e+02 2.125957199999999858e+01
8.746788759999981266e+02 2.139069800000000043e+01
8.746929890000028536e+02 2.137576800000000077e+01
1.525808000999997603e+03 2.106491899999999973e+01
1.525816203000002133e+03 2.107320400000000049e+01
8.746335719999988214e+02 2.125933799999999962e+01
2.177924597999997786e+03 2.158578400000000030e+01
2.177926384999998845e+03 2.159311500000000095e+01
3.031631184999998368e+03 2.155744699999999980e+01
2.612751720000000205e+03 2.182512600000000091e+01
3.031635669000002963e+03 2.156853800000000021e+01
3.031615466000002925e+03 2.136501900000000020e+01
3.031648312999997870e+03 2.159662900000000008e+01
3.059682480000003125e+03 2.181577400000000111e+01
2.649650282000002335e+03 2.157604800000000012e+01
2.649619804000001750e+03 2.145195599999999914e+01
7.929272310000014841e+02 2.141371200000000030e+01
3.459216959999976098e+02 2.138593900000000048e+01
3.459266139999963343e+02 2.132923699999999911e+01
1.584645312000000558e+03 2.172835399999999950e+01
1.584659998000002815e+03 2.174257499999999865e+01
5.196694419999985257e+02 2.178874499999999870e+01
7.666552999999839813e+01 2.160295599999999894e+01
7.666731399999844143e+01 2.150229300000000165e+01
7.570922299999801908e+01 2.156587499999999835e+01
7.567563499999960186e+01 2.140288299999999921e+01
2.650645298000003095e+03 2.159265800000000013e+01
7.571237200000177836e+01 2.168406900000000093e+01
7.567205899999680696e+01 2.139442000000000021e+01
2.648779188000000431e+03 2.156902300000000139e+01
2.648782819000000018e+03 2.156902499999999989e+01
2.648787781999999424e+03 2.156857600000000019e+01
2.648622277000002214e+03 2.125818200000000147e+01
3.459221420000030776e+02 2.139978800000000092e+01
3.459167809999999008e+02 2.125686299999999918e+01
3.459252730000007432e+02 2.133400400000000019e+01
7.929304160000028787e+02 2.140122600000000119e+01
1.257637749000001349e+03 2.154316599999999937e+01
1.257645156999999017e+03 2.153281499999999937e+01
1.140817137999998522e+03 2.193814300000000017e+01
2.649620249999999942e+03 2.146279499999999985e+01
2.650648443999998563e+03 2.160566899999999890e+01
1.584646682999999030e+03 2.172388000000000119e+01
1.584648504999997385e+03 2.172576199999999957e+01
1.584636683999997331e+03 2.171218400000000059e+01
1.584661908000001858e+03 2.173728200000000044e+01
1.584631162999998196e+03 2.170471600000000123e+01
8.246059160000004340e+02 2.133818499999999929e+01
2.678741751000001386e+03 2.166287000000000162e+01
2.914904591999998956e+03 2.119572499999999948e+01
2.504026955000001180e+03 2.126568999999999932e+01
2.504021594999998342e+03 2.139022500000000093e+01
1.176054250000015600e+02 2.145331900000000047e+01
1.176198040000017500e+02 2.173628799999999828e+01
3.386628476999998384e+03 2.120852800000000116e+01
1.176117119999980787e+02 2.157390300000000138e+01
3.386617675000001327e+03 2.101881500000000003e+01
3.386751817999997002e+03 2.142390699999999981e+01
1.176162150000018300e+02 2.161737199999999959e+01
3.386663903000000573e+03 2.131375399999999942e+01
3.229029923000001872e+03 2.162823099999999954e+01
3.386614098999998532e+03 2.100410300000000063e+01
3.360899367999998503e+03 2.155373000000000161e+01
3.105643464000000677e+03 2.140770200000000045e+01
2.507022109999998065e+03 2.157622800000000041e+01
2.507041325999998662e+03 2.150067100000000053e+01
2.507040429000000586e+03 2.149759099999999989e+01
7.837741039999964414e+02 2.143558099999999911e+01
2.290608179000002565e+03 2.112932899999999847e+01
1.217607554000001983e+03 2.138106200000000001e+01
2.290605907999997726e+03 2.111897899999999950e+01
3.509175420000028680e+02 2.159233000000000047e+01
2.738697339999998803e+03 2.139070900000000108e+01
1.436943697000002430e+03 2.109263299999999930e+01
1.436946378000000550e+03 2.110475200000000129e+01
7.857652379999999539e+02 2.141738099999999889e+01
7.857459269999962999e+02 2.135237800000000163e+01
1.424044764999998733e+03 2.177364299999999986e+01
1.437944450000002689e+03 2.128988800000000126e+01
1.437960998000002292e+03 2.135692500000000038e+01
1.437980707000002440e+03 2.142259100000000061e+01
1.437939091000000190e+03 2.126551800000000014e+01
1.902664784000000509e+03 2.154939900000000108e+01
1.902677465000000666e+03 2.160604000000000013e+01
1.902669777000002796e+03 2.157262100000000160e+01
3.017614521999996214e+03 2.151614299999999957e+01
8.476285730000017793e+02 2.183850699999999989e+01
8.476339559999978519e+02 2.184901699999999991e+01
1.497859578999996302e+03 2.167259900000000172e+01
8.476375449999977718e+02 2.185558500000000137e+01
1.081923606999996991e+03 2.165272999999999826e+01
1.082918740000000980e+03 2.178807000000000116e+01
1.080930284000001848e+03 2.173605200000000082e+01
1.080932071000002907e+03 2.174323899999999909e+01
2.382669571999998880e+03 2.130907099999999943e+01
1.081914176999998745e+03 2.161090099999999836e+01
5.196735170000029029e+02 2.181173700000000082e+01
7.571011999999609543e+01 2.157108799999999960e+01
7.571101600000110921e+01 2.168217800000000040e+01
4.927348940000010771e+02 2.184906600000000054e+01
4.927290389999980107e+02 2.190531000000000006e+01
7.567161299999861512e+01 2.140225600000000128e+01
4.927366919999985839e+02 2.182581599999999966e+01
2.267750182999996468e+03 2.173631599999999864e+01
2.267752875999998651e+03 2.174096600000000024e+01
7.666597599999658996e+01 2.161593299999999829e+01
3.324769554999998945e+03 2.148705400000000054e+01
3.324773124999999709e+03 2.150311400000000006e+01
2.267664392999999109e+03 2.146840200000000110e+01
2.267738057000002300e+03 2.171296699999999902e+01
7.666686800000024959e+01 2.151061999999999941e+01
7.009661960000012186e+02 2.124582600000000099e+01
2.257700805000000400e+03 2.120473600000000047e+01
7.009940359999964130e+02 2.134258600000000072e+01
5.003764399999636225e+01 2.156689599999999984e+01
7.009545599999983096e+02 2.119624599999999859e+01
7.009949330000017653e+02 2.134525000000000006e+01
2.258692312999999558e+03 2.135344500000000068e+01
3.160131160000019008e+02 2.144644399999999962e+01
2.257696327999998175e+03 2.118463900000000066e+01
2.258696846999999252e+03 2.137407200000000174e+01
5.227496259999970789e+02 2.144959899999999919e+01
5.089262800000142306e+01 2.191933200000000070e+01
3.170163210000027902e+02 2.107293200000000155e+01
3.170087260000000242e+02 2.108914000000000044e+01
1.425044735999996192e+03 2.184465399999999846e+01
1.425041147999996610e+03 2.183691400000000016e+01
1.903665529999998398e+03 2.167706300000000041e+01
1.903660186000000976e+03 2.165175100000000086e+01
1.438944086000003153e+03 2.157669999999999888e+01
1.438984909999999218e+03 2.171894999999999953e+01
2.973882605999999214e+03 2.180621299999999962e+01
2.294603263999997580e+03 2.142479600000000062e+01
2.294609999000000244e+03 2.145223599999999919e+01
3.379659263000001374e+03 2.189786799999999900e+01
2.294628872000001138e+03 2.166792200000000079e+01
2.294663384999999835e+03 2.175901199999999847e+01
1.874751613000000361e+03 2.174921300000000102e+01
1.874761513999997987e+03 2.178938600000000037e+01
1.366917329999996582e+02 2.190136899999999898e+01
1.874768594000001031e+03 2.181442799999999949e+01
1.053003401000001759e+03 2.169479600000000019e+01
1.904687993999999890e+03 2.183405499999999932e+01
4.017822880000021541e+02 2.141221699999999828e+01
1.197638215999999375e+03 2.114874199999999860e+01
1.197625655999996525e+03 2.110831500000000105e+01
1.197619388999999501e+03 2.108596299999999957e+01
2.883981732000000193e+03 2.177776199999999918e+01
2.883983520000001590e+03 2.178544000000000125e+01
1.016018209999965620e+02 2.117232800000000026e+01
3.356808625999998185e+03 2.169882499999999936e+01
1.849872311999999511e+03 2.195030600000000121e+01
1.429046059000000241e+03 2.194451799999999864e+01
4.607181970000019646e+02 2.147684200000000132e+01
9.056723780000029365e+02 2.140518499999999946e+01
1.557689964999997756e+03 2.182748099999999880e+01
2.643644162999997206e+03 2.149863600000000119e+01
2.643634764000002178e+03 2.145532899999999898e+01
3.471668185000002268e+03 2.150163099999999972e+01
1.084931304999998247e+03 2.180667800000000156e+01
1.084914665999996942e+03 2.174187999999999832e+01
1.084945738000002166e+03 2.185415800000000175e+01
3.241016417999999248e+03 2.149912099999999882e+01
2.589833981999996467e+03 2.179408300000000054e+01
2.589843845999996120e+03 2.181971499999999864e+01
3.241003000999997312e+03 2.144096299999999999e+01
3.241010156999996980e+03 2.147301399999999916e+01
3.241014629999997851e+03 2.149184400000000039e+01
3.240030897999997251e+03 2.136558399999999835e+01
8.526219790000031935e+02 2.163729599999999920e+01
3.240031795000002603e+03 2.136875300000000166e+01
7.009541150000004563e+02 2.118511799999999923e+01
5.004263599999831058e+01 2.146747900000000087e+01
5.003945199999725446e+01 2.159948699999999988e+01
7.009998730000006617e+02 2.135940400000000139e+01
5.089217900000221562e+01 2.192705899999999986e+01
7.009666429999997490e+02 2.124163799999999824e+01
1.905680527999997139e+03 2.146804099999999949e+01
