2.920942866000004869e+03 2.188138299999999958e+01
3.327764055999999982e+03 2.170178999999999903e+01
3.327724712000002910e+03 2.162074000000000140e+01
3.327758246000004874e+03 2.169177000000000177e+01
2.884945002000000386e+03 2.181219099999999855e+01
1.174718532999999297e+03 2.164912299999999945e+01
2.259626846999999543e+03 2.132449300000000036e+01
1.174653600999998162e+03 2.156448500000000124e+01
1.174667474000001675e+03 2.158939700000000173e+01
1.174661211999999068e+03 2.157864000000000004e+01
1.174737438000003749e+03 2.165927900000000150e+01
3.179607519999990473e+02 2.111303300000000149e+01
2.885937740000001213e+03 2.182554700000000025e+01
2.885940421999999671e+03 2.183189000000000135e+01
8.076392299999861280e+01 2.173419900000000027e+01
2.885947581000000355e+03 2.184808299999999903e+01
2.885952522999999928e+03 2.185863399999999857e+01
2.647575958000001265e+03 2.147445099999999840e+01
2.647632208000002720e+03 2.159345300000000023e+01
2.647609673999999359e+03 2.155353699999999861e+01
2.647585399000003235e+03 2.149908299999999883e+01
2.647626682000001892e+03 2.158456299999999928e+01
7.068929320000024745e+02 2.144992099999999979e+01
7.068978680000000168e+02 2.146265100000000103e+01
5.592546500000025844e+01 2.107693099999999831e+01
5.593173899999965215e+01 2.101182599999999923e+01
0.000000000000000000e+00 2.165942899999999938e+01
8.177110430000029737e+02 2.163512499999999861e+01
8.196406610000049113e+02 2.148480199999999840e+01
3.240990534000004118e+03 2.136653300000000044e+01
8.196102590000009513e+02 2.142564600000000041e+01
8.196259120000031544e+02 2.145853299999999919e+01
8.196988229999988107e+02 2.154783499999999918e+01
8.196201000000000931e+02 2.144693399999999883e+01
8.196012950000003912e+02 2.140437000000000012e+01
8.187429560000018682e+02 2.180116299999999896e+01
8.197024040000032983e+02 2.154972100000000168e+01
2.974760057999999844e+03 2.166207800000000105e+01
2.974763199000000895e+03 2.166590899999999920e+01
6.809835070000044652e+02 2.108387600000000006e+01
6.809870890000020154e+02 2.109237999999999857e+01
6.809924640000026557e+02 2.110459399999999874e+01
3.271868438999998034e+03 2.158912499999999923e+01
3.271872926000003645e+03 2.160203900000000132e+01
3.241955921000000671e+03 2.146753700000000009e+01
2.590764012999999977e+03 2.170885900000000035e+01
2.590765801000001375e+03 2.171276399999999995e+01
3.241955027000003611e+03 2.146502800000000022e+01
4.626870550000021467e+02 2.138080400000000125e+01
4.366937030000044615e+02 2.154965400000000031e+01
4.367355180000013206e+02 2.162181100000000100e+01
4.367408940000022994e+02 2.152824100000000129e+01
1.085854602999999770e+03 2.171791800000000094e+01
1.085860429000000295e+03 2.173442999999999969e+01
1.085904936999999336e+03 2.183447299999999913e+01
1.085859534000002895e+03 2.173195000000000121e+01
3.272867557000005036e+03 2.162941599999999909e+01
1.086874429000003147e+03 2.155204700000000173e+01
1.086878012000001036e+03 2.156037299999999846e+01
1.086885175000003073e+03 2.157615300000000147e+01
2.647575511000002734e+03 2.147787699999999944e+01
2.647584952000004705e+03 2.150497800000000126e+01
2.647610122999998566e+03 2.156673199999999824e+01
7.068924850000039442e+02 2.145429999999999993e+01
5.592502000000240514e+01 2.110230900000000176e+01
5.593129400000179885e+01 2.103690599999999833e+01
7.068974200000011479e+02 2.146830599999999833e+01
7.068983149999985471e+02 2.147078000000000131e+01
2.563842951999999059e+03 2.173899199999999965e+01
2.563849213000001328e+03 2.175416200000000089e+01
1.440892578999999387e+03 2.182548099999999991e+01
1.440889897000000929e+03 2.181825999999999866e+01
1.440884962000003725e+03 2.180451199999999901e+01
1.440899338000002899e+03 2.184290299999999974e+01
2.295566502000001492e+03 2.146076400000000106e+01
3.329783583000004000e+03 2.148679100000000020e+01
1.442887790000000678e+03 2.181995099999999965e+01
1.442891366000003472e+03 2.182924699999999874e+01
1.850797278999998525e+03 2.184894099999999995e+01
1.850808560999998008e+03 2.187068800000000124e+01
1.850766435000005004e+03 2.177515199999999851e+01
3.357739429000001110e+03 2.159488899999999845e+01
2.261694448000002012e+03 2.103279099999999957e+01
1.851804885000005015e+03 2.155663300000000149e+01
3.358664435999999114e+03 2.144439300000000159e+01
3.358641584000004514e+03 2.138954199999999872e+01
3.358659068000000843e+03 2.143257699999999843e+01
3.029577547000000777e+03 2.164454500000000081e+01
3.029600801000000502e+03 2.168815199999999876e+01
2.563844292000001587e+03 2.172960499999999939e+01
2.563847872999998799e+03 2.173766799999999932e+01
8.455668530000039027e+02 2.175813300000000083e+01
8.455565710000009858e+02 2.173738000000000170e+01
3.359632926999998745e+03 2.152282699999999949e+01
3.359640542000001005e+03 2.154354100000000116e+01
3.358669359999999870e+03 2.145468500000000134e+01
2.975729236999999557e+03 2.137682500000000019e+01
2.975681649999998626e+03 2.126651700000000034e+01
4.067746800000022631e+02 2.170729199999999892e+01
1.055991938999999547e+03 2.152351699999999823e+01
2.530937055000002147e+03 2.160648899999999983e+01
2.561820353000002797e+03 2.160164599999999879e+01
1.141726080000000366e+03 2.175916499999999942e+01
1.141735583000001498e+03 2.178241600000000133e+01
1.141722045000002254e+03 2.174867400000000117e+01
1.141728329000005033e+03 2.176485100000000017e+01
3.300887742999999318e+03 2.183451200000000014e+01
4.574530700000468642e+01 2.127856099999999984e+01
1.418993119999999180e+03 2.153165299999999860e+01
3.300898372000003292e+03 2.184515999999999991e+01
1.793922616000003472e+03 2.154023000000000110e+01
1.793967527000000700e+03 2.165054800000000057e+01
1.142727000999999291e+03 2.155060299999999884e+01
1.142731478000001516e+03 2.156144099999999852e+01
2.178916037000002689e+03 2.163631900000000030e+01
3.031590893000000506e+03 2.159739799999999832e+01
2.177870436000004702e+03 2.142227499999999907e+01
1.553589341999999306e+03 2.154646699999999981e+01
1.553597397999998066e+03 2.156798500000000018e+01
1.553598292000002402e+03 2.157027899999999931e+01
2.177913366000000678e+03 2.152959299999999843e+01
2.177914260999998078e+03 2.153139600000000087e+01
1.553603212000001804e+03 2.158258100000000113e+01
1.553608580000000075e+03 2.159538900000000083e+01
1.553615284999999858e+03 2.161049900000000079e+01
1.553616176000003179e+03 2.161243699999999990e+01
2.178913357000004908e+03 2.163111100000000064e+01
2.532957663000001048e+03 2.170020699999999891e+01
2.532948703000001842e+03 2.168299800000000133e+01
2.532940661000000546e+03 2.166607199999999978e+01
2.593747568999999203e+03 2.151669300000000007e+01
2.593771799000001920e+03 2.156812899999999900e+01
4.078288790000005974e+02 2.163215299999999885e+01
2.915894673000002513e+03 2.126355600000000123e+01
2.236794479000003776e+03 2.150433100000000053e+01
2.237814329000000726e+03 2.148876599999999826e+01
2.237816117000002123e+03 2.149021099999999862e+01
5.205955030000041006e+02 2.169883499999999898e+01
1.143719626999998582e+03 2.166887300000000138e+01
1.143728144000000611e+03 2.168999399999999866e+01
2.917845335999998497e+03 2.108507900000000035e+01
1.883692236000002595e+03 2.146070200000000128e+01
1.883722825000004377e+03 2.153546100000000152e+01
1.883679243999999017e+03 2.142191400000000101e+01
1.883694023000003654e+03 2.146569600000000122e+01
1.883705807999998797e+03 2.149661400000000100e+01
1.883687303999999131e+03 2.144650299999999987e+01
1.883680137000003015e+03 2.142472499999999869e+01
2.565843882000001031e+03 2.175706100000000021e+01
2.565849691000003077e+03 2.177030399999999943e+01
2.565850582999999460e+03 2.177227099999999993e+01
3.808550979999999981e+02 2.180535100000000170e+01
3.808218550000019604e+02 2.171752899999999897e+01
2.566854243000001588e+03 2.168932699999999869e+01
2.566865406000004441e+03 2.171089600000000175e+01
3.387587659000004351e+03 2.118034499999999909e+01
2.535937314000002516e+03 2.149350400000000150e+01
2.535941341999998258e+03 2.150173300000000154e+01
3.387598846000000776e+03 2.120680099999999868e+01
3.499243050000004587e+02 2.178225399999999823e+01
3.499086749999987660e+02 2.175422999999999973e+01
3.499024130000034347e+02 2.170616700000000066e+01
7.866845430000030319e+02 2.126971299999999943e+01
2.291617581999998947e+03 2.139763999999999911e+01
1.086511480000044685e+02 2.153341599999999900e+01
1.085604520000051707e+02 2.127486199999999883e+01
1.086480040000024019e+02 2.146605100000000022e+01
2.291570148999999219e+03 2.128486600000000095e+01
1.086547300000020186e+02 2.161570100000000139e+01
2.291577761000000464e+03 2.130659700000000001e+01
1.085523969999994733e+02 2.123183399999999921e+01
2.291561200000003737e+03 2.110878500000000102e+01
1.410984489000002213e+03 2.113262100000000032e+01
2.291568361000005098e+03 2.127954199999999929e+01
1.085559760000032838e+02 2.124957099999999954e+01
2.267630066000005172e+03 2.133921399999999835e+01
2.267676217000000179e+03 2.145577799999999868e+01
1.095747730000002775e+02 2.160135400000000061e+01
2.267678002000000561e+03 2.145929900000000146e+01
2.565842541999998502e+03 2.174054999999999893e+01
2.532948255000002973e+03 2.166636499999999899e+01
2.565848350000000210e+03 2.175303399999999954e+01
2.565851925000002666e+03 2.176036099999999962e+01
2.532958109999999579e+03 2.168399799999999900e+01
2.532942003000003751e+03 2.165416700000000105e+01
2.566864958999998635e+03 2.169309399999999854e+01
2.566853796000003058e+03 2.167290900000000065e+01
3.808231940000041504e+02 2.170773600000000059e+01
3.808546510000014678e+02 2.178703000000000145e+01
1.883687750000004598e+03 2.143875200000000092e+01
1.883678798000000825e+03 2.141348400000000041e+01
1.883692683000001125e+03 2.145185400000000087e+01
1.883680583000001207e+03 2.141868200000000044e+01
1.883708943000005092e+03 2.149110800000000054e+01
1.883693576000005123e+03 2.145416700000000176e+01
1.883722377999998571e+03 2.151927799999999991e+01
2.535940894999999728e+03 2.148499299999999934e+01
2.535936866000003647e+03 2.147729599999999905e+01
3.233984772000003431e+03 2.162799100000000152e+01
1.498775754000002053e+03 2.151262900000000045e+01
1.556723224000001210e+03 2.192061899999999852e+01
1.556609874000001582e+03 2.180064300000000088e+01
3.003743820000003325e+03 2.173761899999999869e+01
3.268921892999998818e+03 2.140043299999999959e+01
3.268921001000002434e+03 2.139853600000000000e+01
8.177177779999983613e+02 2.161657599999999846e+01
8.177114910000018426e+02 2.161276000000000153e+01
4.616290670000016689e+02 2.131971199999999911e+01
4.616129720000026282e+02 2.141842499999999916e+01
7.868249900000228081e+01 2.170606000000000080e+01
5.176581200000509853e+01 2.160957399999999851e+01
5.176492000000143889e+01 2.159639599999999859e+01
5.177433700000256067e+01 2.166849900000000062e+01
7.019689300000027288e+02 2.131600900000000109e+01
3.325725600000005215e+03 2.147145700000000090e+01
3.325743027000004076e+03 2.152098799999999912e+01
7.039163830000034068e+02 2.163688600000000051e+01
7.039508280000009108e+02 2.171816799999999859e+01
3.325748011000003316e+03 2.153381900000000115e+01
8.076528099999995902e+01 2.174345699999999937e+01
1.174667923000000883e+03 2.156855799999999945e+01
1.174661659000004875e+03 2.155555000000000021e+01
3.179620930000019143e+02 2.102360499999999988e+01
1.174671952000004239e+03 2.157648000000000010e+01
3.327763609000001452e+03 2.167649099999999862e+01
2.920948705000002519e+03 2.188289800000000085e+01
3.169669409999987693e+02 2.133224799999999988e+01
1.174736542999999074e+03 2.165916700000000006e+01
3.327725159000001440e+03 2.158102399999999932e+01
3.327757800999999745e+03 2.166416699999999906e+01
1.174654047000003629e+03 2.153856299999999990e+01
4.626875020000006771e+02 2.135943400000000025e+01
