2.292556557000003522e+03 2.187838500000000153e+01
2.292570608000001812e+03 2.214746799999999993e+01
2.292584609999998065e+03 2.218627199999999888e+01
2.292598190000004251e+03 2.221934500000000057e+01
2.292612220000002708e+03 2.224896499999999833e+01
2.292634490000004007e+03 2.228672100000000000e+01
3.289928560000043944e+02 2.220471799999999973e+01
1.824833887000000686e+03 2.206415700000000157e+01
1.824886981000003289e+03 2.223447699999999827e+01
1.824871920000005048e+03 2.219323699999999988e+01
1.824850981000003230e+03 2.212672399999999939e+01
7.972484799999801908e+01 2.208018300000000167e+01
1.825843396000003850e+03 2.180227500000000163e+01
1.825861817000004521e+03 2.186164499999999933e+01
7.974435500000254251e+01 2.196860900000000072e+01
1.005526920000047539e+02 2.181081500000000162e+01
1.175632422000002407e+03 2.217590600000000123e+01
2.668558085000004212e+03 2.182583299999999937e+01
7.049077820000020438e+02 2.216286799999999957e+01
3.297844370999999228e+03 2.243972199999999972e+01
1.175649452000005112e+03 2.221206099999999850e+01
7.049301919999998063e+02 2.223234700000000075e+01
3.297829744000002393e+03 2.238419499999999829e+01
2.657551019999998971e+03 2.194627499999999998e+01
2.657564535999998043e+03 2.197437400000000096e+01
3.430586540000003879e+03 2.253643399999999986e+01
3.399560046999999031e+03 2.181910999999999845e+01
3.399569516000003205e+03 2.183575300000000041e+01
3.430572938000004797e+03 2.140026299999999893e+01
2.153983800000001793e+03 2.216659800000000047e+01
2.972743472000001930e+03 2.235199499999999873e+01
2.972701171000000613e+03 2.223012400000000000e+01
2.972716423999998369e+03 2.227910999999999930e+01
1.365965409999989788e+02 2.256938900000000103e+01
2.589745437999998103e+03 2.208650499999999894e+01
2.972727673000001232e+03 2.231152499999999961e+01
2.589762973000004422e+03 2.214424999999999955e+01
1.366103860000002896e+02 2.268108099999999894e+01
1.037985003000001598e+03 2.207593500000000120e+01
1.088937573000002885e+03 2.253036900000000031e+01
6.799870040000023437e+02 2.140775999999999968e+01
9.995200000048498623e-01 2.183321899999999971e+01
3.011538999999174848e+00 2.202206400000000031e+01
1.088921788999999990e+03 2.250214899999999929e+01
3.273896503000003577e+03 2.249400899999999837e+01
3.273945670000000973e+03 2.261469900000000166e+01
3.273916626999998698e+03 2.255014299999999849e+01
3.273928260000000591e+03 2.257825899999999919e+01
3.430572489999998652e+03 2.141954000000000136e+01
3.430586091000004672e+03 2.256718299999999999e+01
7.637591480000046431e+02 2.187693000000000154e+01
7.637419310000041150e+02 2.182224599999999981e+01
7.637451250000012806e+02 2.183292199999999994e+01
7.637691229999982170e+02 2.190542400000000001e+01
7.637824360000013257e+02 2.193982899999999958e+01
7.638540450000000419e+02 2.205622400000000027e+01
7.638133730000045034e+02 2.200413400000000053e+01
7.638690980000028503e+02 2.206635100000000094e+01
7.638338660000008531e+02 2.203492699999999971e+01
2.512995220000004338e+03 2.195883099999999999e+01
7.637258330000040587e+02 2.176460200000000000e+01
2.511988558000004559e+03 2.177149700000000010e+01
3.395566213999998581e+03 2.195602999999999838e+01
3.199842600000047241e+02 2.183750500000000017e+01
1.584688786999999138e+03 2.224890900000000116e+01
1.584665568000003987e+03 2.227063499999999863e+01
8.263075699999899371e+01 2.238271599999999850e+01
1.060954573000002711e+03 2.261065299999999922e+01
1.060968598999999813e+03 2.265428299999999950e+01
1.060999543999998423e+03 2.228656700000000157e+01
8.260841300000174670e+01 2.233606899999999840e+01
3.030568151999999827e+03 2.187107699999999966e+01
3.030556029999999737e+03 2.184701599999999999e+01
3.030598408999998355e+03 2.227869600000000005e+01
3.247989871000005223e+03 2.211489999999999867e+01
3.030613151000005018e+03 2.230668000000000006e+01
1.496802928000004613e+03 2.194047799999999881e+01
1.496783806999999797e+03 2.189181800000000067e+01
1.444881446999999753e+03 2.225699099999999930e+01
1.473847632000004523e+03 2.208821899999999872e+01
2.977722257000001264e+03 2.203471700000000055e+01
1.473855741999999736e+03 2.210548899999999861e+01
2.977739886000003025e+03 2.206805900000000165e+01
1.444903663000004599e+03 2.232739799999999875e+01
4.047249300000039511e+02 2.206262699999999910e+01
1.473878383000002941e+03 2.214577299999999838e+01
1.473833193999998912e+03 2.205370399999999975e+01
4.047457020000001648e+02 2.228999900000000167e+01
3.243971560999998474e+03 2.218693000000000026e+01
3.243951166999999259e+03 2.210649300000000039e+01
1.792979562000000442e+03 2.278659499999999838e+01
1.792960727999998198e+03 2.268304600000000093e+01
2.660551623999999720e+03 2.147942799999999863e+01
2.660565175000003364e+03 2.151043500000000108e+01
1.576561677999998210e+03 2.215396900000000002e+01
3.301798116999998456e+03 2.196530500000000075e+01
3.301818687999999383e+03 2.203913100000000114e+01
1.119864571999998589e+03 2.240105300000000099e+01
1.119821206000000529e+03 2.232187499999999858e+01
2.205798402000000351e+03 2.173469199999999901e+01
2.205816071000001102e+03 2.180053099999999944e+01
2.205845436000003247e+03 2.189566500000000104e+01
2.205872067000003881e+03 2.196977300000000000e+01
3.059602683000004617e+03 2.272385999999999839e+01
3.059581745000003139e+03 2.224741699999999867e+01
1.119848403000003600e+03 2.237618000000000151e+01
1.772983315000004950e+03 2.210983399999999932e+01
1.119771923000000243e+03 2.218350399999999922e+01
1.119791785000001255e+03 2.224544500000000014e+01
1.119799121000003652e+03 2.226622400000000113e+01
1.523655150999999023e+03 2.219185399999999930e+01
1.523672055000002729e+03 2.225218399999999974e+01
5.007044999998470303e+00 2.193260199999999926e+01
3.399561388000001898e+03 2.183291900000000041e+01
3.479281950000004144e+02 2.235121200000000030e+01
1.090866619000000355e+03 2.225794199999999989e+01
3.479433470000003581e+02 2.221983099999999922e+01
1.090886810000003607e+03 2.231297299999999950e+01
1.090895051999999851e+03 2.233260299999999887e+01
1.090917987000000721e+03 2.237885700000000000e+01
3.489105830000044079e+02 2.223676499999999834e+01
3.245961104000001797e+03 2.241309700000000049e+01
3.245980315000000701e+03 2.199182800000000171e+01
1.058947685999999521e+03 2.242061500000000152e+01
2.288576399999998102e+03 2.264044000000000167e+01
2.288590304000004835e+03 2.269116599999999906e+01
1.058984271000001172e+03 2.209061799999999920e+01
1.058960431999999855e+03 2.246482500000000115e+01
3.488893710000047577e+02 2.223347599999999957e+01
3.360825991000005160e+03 2.241362000000000165e+01
3.360807743000004848e+03 2.242238100000000145e+01
4.087676060000012512e+02 2.172901600000000144e+01
4.088063430000038352e+02 2.216330999999999918e+01
4.088293870000052266e+02 2.221423300000000012e+01
4.088723109999991721e+02 2.218114699999999928e+01
4.088538350000017090e+02 2.204605899999999963e+01
4.087411849999989499e+02 2.168670799999999943e+01
4.087564290000009350e+02 2.171515600000000035e+01
4.087849560000031488e+02 2.179617000000000004e+01
2.264750531000005140e+03 2.197671599999999970e+01
2.264771282000001520e+03 2.199255899999999997e+01
1.795990317000003415e+03 2.211385399999999990e+01
1.795975120000002789e+03 2.249557000000000073e+01
1.795959952000004705e+03 2.244698899999999853e+01
1.795943774999999732e+03 2.239069900000000146e+01
2.533910334000000148e+03 2.189548900000000131e+01
2.533927661000001535e+03 2.196425599999999889e+01
3.403560641000003670e+03 2.193098600000000076e+01
2.536903289000001678e+03 2.217230500000000148e+01
3.404566388999999617e+03 2.213439100000000082e+01
2.536916830000001937e+03 2.222055599999999842e+01
1.856767851000004157e+03 2.198468300000000042e+01
1.856755183000001125e+03 2.193980499999999978e+01
1.856852115000001504e+03 2.218499500000000069e+01
2.290604951000001165e+03 2.257819999999999894e+01
2.290591769999999087e+03 2.253872600000000048e+01
1.856836106000002474e+03 2.215969300000000075e+01
7.876787160000021686e+02 2.209272700000000000e+01
7.876917519999988144e+02 2.214346899999999962e+01
1.365956399999995483e+02 2.255630999999999986e+01
1.366094799999991665e+02 2.267347099999999926e+01
1.857869507000003068e+03 2.265919099999999986e+01
1.857887869999998657e+03 2.267133099999999857e+01
2.292557897999999113e+03 2.184667200000000165e+01
2.292611323000004631e+03 2.222493700000000061e+01
2.292635386000001745e+03 2.227643199999999979e+01
2.918885761000005004e+03 2.194528199999999885e+01
2.292681771000003209e+03 2.233757599999999854e+01
2.292706622999998217e+03 2.235057000000000116e+01
2.918901774999998452e+03 2.199117999999999995e+01
2.292571055000000342e+03 2.210657199999999989e+01
2.533910780999998678e+03 2.187957700000000116e+01
2.533928108000000066e+03 2.194364200000000054e+01
3.403559298000000126e+03 2.191604399999999941e+01
2.150983557999999903e+03 2.228553499999999943e+01
1.528788763000004110e+03 2.175203600000000037e+01
1.528805205000004207e+03 2.175369900000000101e+01
2.641629968000001099e+03 2.318582800000000077e+01
2.641618447000000742e+03 2.314635600000000082e+01
1.501861527000000933e+03 2.194462100000000149e+01
1.501880586999999650e+03 2.195108700000000113e+01
3.404566836999998486e+03 2.212132599999999982e+01
2.536903736000000208e+03 2.217305199999999843e+01
2.536922094000001380e+03 2.223244400000000098e+01
2.587771820000001753e+03 2.249932199999999938e+01
2.587754633000004105e+03 2.243215999999999966e+01
2.153987829000005149e+03 2.214098500000000058e+01
4.973651600000448525e+01 2.227463699999999847e+01
4.972283400000014808e+01 2.220005400000000151e+01
2.802026399999886053e+01 2.175045700000000082e+01
2.796874100000422914e+01 2.254269499999999837e+01
2.778083000000333413e+01 2.221364600000000067e+01
2.794992900000215741e+01 2.256566099999999864e+01
2.779668300000048475e+01 2.245461900000000099e+01
1.559560516000005009e+03 2.172014899999999926e+01
1.559576837000000523e+03 2.211362199999999945e+01
2.665554299000003084e+03 2.188487299999999891e+01
2.674590575000001991e+03 2.246554599999999979e+01
7.975070399999822257e+01 2.201547000000000054e+01
7.973157499999797437e+01 2.207098999999999833e+01
2.891945616000004520e+03 2.236880000000000024e+01
2.665565562000003411e+03 2.190749500000000083e+01
2.674571503999999550e+03 2.194958700000000107e+01
2.891960073000002012e+03 2.241164500000000004e+01
1.824858337999998184e+03 2.213375600000000176e+01
1.824891972000004898e+03 2.224620300000000128e+01
1.824877293999998074e+03 2.220072400000000101e+01
1.824870578000001842e+03 2.217803299999999922e+01
1.175649898000003304e+03 2.215430999999999884e+01
1.175631079999999201e+03 2.210454700000000017e+01
1.825865724000002956e+03 2.186044499999999857e+01
1.825844737999999779e+03 2.178310199999999952e+01
2.645620448000001488e+03 2.228233799999999931e+01
2.645641323000003467e+03 2.233828899999999962e+01
6.799861090000049444e+02 2.136803499999999900e+01
