0.000000000000000000e+00 2.362964799999999954e+01
4.499999995459802449e-04 2.356247899999999973e+01
9.102160000038566068e-01 2.354507100000000008e+01
9.285670000026584603e-01 2.358944999999999936e+01
2.583452000000397675e+01 2.342851299999999881e+01
2.585926199999812525e+01 2.367833299999999852e+01
3.880150999999750638e+01 2.110945800000000006e+01
3.881227100000251085e+01 2.133546600000000026e+01
4.402746399999887217e+01 2.145580400000000054e+01
4.892382699999870965e+01 2.132156300000000115e+01
4.893647800000326242e+01 2.137650199999999856e+01
5.078139899999951012e+01 2.421032699999999949e+01
5.085208499999862397e+01 2.292326900000000123e+01
5.085526599999866448e+01 2.291712899999999919e+01
5.086618099999759579e+01 2.290340700000000140e+01
5.086938999999983935e+01 2.289864299999999986e+01
5.087602899999910733e+01 2.284770400000000024e+01
5.087652900000102818e+01 2.284398300000000148e+01
5.089186300000437768e+01 2.272550400000000081e+01
5.089327900000353111e+01 2.272390499999999847e+01
5.293616699999984121e+01 2.408583000000000141e+01
5.295243099999788683e+01 2.421258100000000013e+01
5.604286600000341423e+01 2.398503200000000035e+01
6.074620700000377838e+01 2.386444600000000094e+01
6.076398599999811267e+01 2.403037300000000087e+01
6.076998900000035064e+01 2.412753199999999865e+01
6.078577200000290759e+01 2.422125000000000128e+01
6.873592199999984587e+01 2.246180400000000077e+01
6.874951100000180304e+01 2.259775600000000040e+01
6.973757900000055088e+01 2.152409199999999956e+01
6.982176500000059605e+01 2.179404200000000102e+01
7.181649800000013784e+01 2.189236700000000013e+01
7.875408400000014808e+01 2.419642800000000094e+01
7.876779199999873526e+01 2.431961199999999934e+01
7.877895700000226498e+01 2.427827900000000128e+01
7.892211200000019744e+01 2.184270199999999917e+01
7.969822099999873899e+01 2.452304499999999976e+01
7.971873700000287499e+01 2.458223200000000119e+01
8.270870899999863468e+01 2.415717100000000173e+01
8.272127899999759393e+01 2.399191400000000129e+01
8.490222699999867473e+01 2.353115400000000079e+01
8.492092000000411645e+01 2.325955499999999887e+01
8.974325300000054995e+01 2.354084599999999838e+01
9.183696000000054482e+01 2.399745199999999912e+01
9.185889200000383426e+01 2.398159000000000063e+01
9.365545099999872036e+01 2.288492899999999963e+01
9.367425599999842234e+01 2.332441599999999937e+01
9.369187600000441307e+01 2.327180800000000005e+01
9.369912499999918509e+01 2.312695899999999938e+01
9.372010600000066916e+01 2.348558999999999841e+01
9.565030200000182958e+01 2.130634799999999984e+01
9.565298500000062631e+01 2.132401700000000133e+01
9.763581300000078045e+01 2.173783799999999999e+01
9.765840200000093319e+01 2.239194900000000032e+01
9.866889000000082888e+01 2.264460700000000060e+01
9.868375399999786168e+01 2.259838999999999842e+01
1.076412300000010873e+02 2.163505899999999826e+01
1.126678170000013779e+02 2.478503100000000003e+01
1.126828910000040196e+02 2.473035499999999942e+01
1.206980590000021039e+02 2.378885800000000117e+01
1.207146209999991697e+02 2.389663799999999938e+01
1.256754500000024564e+02 2.177610400000000013e+01
1.317928860000029090e+02 2.178752799999999823e+01
1.317996409999977914e+02 2.177242299999999986e+01
1.318000880000035977e+02 2.174253200000000064e+01
1.318027819999988424e+02 2.175049699999999930e+01
1.318032290000046487e+02 2.171946200000000005e+01
1.327768680000008317e+02 2.169273300000000049e+01
1.327773149999993620e+02 2.166899599999999992e+01
1.346559489999999641e+02 2.230473200000000134e+01
1.346752600000036182e+02 2.307864100000000107e+01
1.347004769999985001e+02 2.304174599999999984e+01
1.347203139999983250e+02 2.290378300000000067e+01
1.347321389999997336e+02 2.290138800000000074e+01
1.347481679999982589e+02 2.283398599999999945e+01
1.357362409999986994e+02 2.338154899999999969e+01
1.357511650000014924e+02 2.338254999999999839e+01
1.357606230000019423e+02 2.325911500000000132e+01
1.357610700000004726e+02 2.328603199999999873e+01
1.357736690000019735e+02 2.321593199999999868e+01
1.357741160000005038e+02 2.324709700000000012e+01
1.477234240000034333e+02 2.284396999999999878e+01
1.477238720000023022e+02 2.287506499999999932e+01
1.486749620000045979e+02 2.221554899999999932e+01
1.486754100000034668e+02 2.220553500000000113e+01
1.586762650000018766e+02 2.177976299999999910e+01
1.586780570000046282e+02 2.171198199999999900e+01
3.080758629999982077e+02 2.211907199999999918e+01
3.120535810000001220e+02 2.144148399999999910e+01
3.160596870000008494e+02 2.223988399999999999e+01
3.160805010000040056e+02 2.200685500000000161e+01
3.230277350000033039e+02 2.447688499999999934e+01
3.230281820000018342e+02 2.446990999999999872e+01
3.230481940000026952e+02 2.458976099999999931e+01
3.230486440000022412e+02 2.458448999999999884e+01
3.240790229999984149e+02 2.219142099999999829e+01
3.270133720000012545e+02 2.460532600000000159e+01
3.270269499999994878e+02 2.463148899999999841e+01
3.280327509999988251e+02 2.365919200000000089e+01
3.280489359999992303e+02 2.370384200000000163e+01
3.290306370000034804e+02 2.464626600000000067e+01
3.290454870000030496e+02 2.452461800000000025e+01
3.350204220000014175e+02 2.396369400000000027e+01
3.350405020000034710e+02 2.422139599999999859e+01
3.370060799999992014e+02 2.365653199999999856e+01
3.370317300000024261e+02 2.365903799999999890e+01
3.370389760000034585e+02 2.370092700000000008e+01
3.370629130000015721e+02 2.360579399999999950e+01
3.390040789999984554e+02 2.267804100000000034e+01
3.390208150000034948e+02 2.271489800000000159e+01
3.439863220000042929e+02 2.235197099999999892e+01
3.440097339999992982e+02 2.241479599999999905e+01
3.449633749999993597e+02 2.164152299999999940e+01
3.449652130000031320e+02 2.163282399999999939e+01
3.499507660000017495e+02 2.392183199999999843e+01
3.499689720000023954e+02 2.408364399999999961e+01
3.519986829999979818e+02 2.316797899999999899e+01
3.520022880000033183e+02 2.325685999999999964e+01
3.520063559999980498e+02 2.332111700000000098e+01
3.550140959999989718e+02 2.450088500000000025e+01
3.550244680000032531e+02 2.457842000000000127e+01
3.589311779999989085e+02 2.450277900000000031e+01
3.589423230000029434e+02 2.455895699999999948e+01
3.669092870000022231e+02 2.148264400000000052e+01
3.669110880000007455e+02 2.150393700000000052e+01
3.679023040000029141e+02 2.124097400000000135e+01
3.680511239999977988e+02 2.335349599999999981e+01
3.680656779999990249e+02 2.362002000000000024e+01
3.828612250000005588e+02 2.418365700000000018e+01
3.828757049999985611e+02 2.425663700000000134e+01
3.828913190000021132e+02 2.427073000000000036e+01
3.829081809999988764e+02 2.432444699999999926e+01
3.848992050000015297e+02 2.326128699999999938e+01
3.908777939999999944e+02 2.397859199999999902e+01
3.908905000000013388e+02 2.406501199999999940e+01
3.948265959999989718e+02 2.288687200000000033e+01
3.948307320000021718e+02 2.345480999999999838e+01
3.948495269999984885e+02 2.288240899999999911e+01
3.948531100000036531e+02 2.337251900000000049e+01
3.969016530000008061e+02 2.281756599999999935e+01
3.969213210000016261e+02 2.289610100000000159e+01
3.978186990000031074e+02 2.201865799999999851e+01
3.978419439999997849e+02 2.234309899999999871e+01
4.049494889999987208e+02 2.317842500000000072e+01
4.049678770000027725e+02 2.300770599999999888e+01
4.049853030000012950e+02 2.300410600000000017e+01
4.050030059999990044e+02 2.316964600000000019e+01
4.118005879999982426e+02 2.335093900000000033e+01
4.167836089999982505e+02 2.309333399999999870e+01
4.177792509999999311e+02 2.416871400000000136e+01
4.177797009999994771e+02 2.411545999999999879e+01
4.177980180000013206e+02 2.455978899999999854e+01
4.177998220000008587e+02 2.452394599999999869e+01
4.218623470000020461e+02 2.448474099999999964e+01
4.218804270000036922e+02 2.444754299999999958e+01
4.247808769999974174e+02 2.167343999999999937e+01
4.377558080000017071e+02 2.426273600000000030e+01
4.377704530000046361e+02 2.444903400000000104e+01
4.407227259999999660e+02 2.422599100000000050e+01
4.407415739999996731e+02 2.411702000000000012e+01
4.486925590000028023e+02 2.426799499999999910e+01
4.487108010000010836e+02 2.449889999999999901e+01
4.507598700000016834e+02 2.374042999999999992e+01
4.507752010000040173e+02 2.394379800000000103e+01
4.516713420000014594e+02 2.325510399999999933e+01
4.516865269999980228e+02 2.323208299999999937e+01
4.526801160000031814e+02 2.280595999999999890e+01
4.526954519999999320e+02 2.275014399999999881e+01
4.536644830000004731e+02 2.196732700000000094e+01
4.536775500000003376e+02 2.212165600000000154e+01
4.596409270000003744e+02 2.144885400000000075e+01
4.596436079999984941e+02 2.151578599999999852e+01
4.596480740000042715e+02 2.135885700000000043e+01
4.596652319999993779e+02 2.155982699999999852e+01
4.597374800000034156e+02 2.153885700000000014e+01
4.597379280000022845e+02 2.152600899999999839e+01
4.597446649999983492e+02 2.156816699999999898e+01
4.646494040000034147e+02 2.135102900000000048e+01
4.676415350000024773e+02 2.193220600000000076e+01
4.676573810000045341e+02 2.296304599999999851e+01
4.717593229999984032e+02 2.336448800000000148e+01
4.786456670000043232e+02 2.197008999999999901e+01
4.786624609999998938e+02 2.318164799999999914e+01
4.867053749999977299e+02 2.177861800000000159e+01
4.867367460000023129e+02 2.189951599999999843e+01
5.326749629999976605e+02 2.183680700000000030e+01
5.326881450000000768e+02 2.185130499999999998e+01
6.850560600000026170e+02 2.436070799999999892e+01
6.860813110000017332e+02 2.224133899999999997e+01
6.870430760000017472e+02 2.443538099999999957e+01
6.870593270000026678e+02 2.452101599999999948e+01
6.930771630000017467e+02 2.141268600000000077e+01
6.999916520000042510e+02 2.143685800000000086e+01
7.059828439999982947e+02 2.440549000000000035e+01
7.060064740000016172e+02 2.453591000000000122e+01
7.079786400000011781e+02 2.275811099999999954e+01
7.170360670000009122e+02 2.425603600000000171e+01
7.170561280000038096e+02 2.428654200000000074e+01
7.280728860000017448e+02 2.168764399999999881e+01
7.280737840000001597e+02 2.168710799999999850e+01
7.280850179999979446e+02 2.152999099999999899e+01
7.359671119999984512e+02 2.440441600000000122e+01
7.359825090000013006e+02 2.443148899999999912e+01
7.389241830000028131e+02 2.301253300000000124e+01
7.389273240000038641e+02 2.303140399999999843e+01
7.549944939999986673e+02 2.203103199999999973e+01
7.628703240000031656e+02 2.405220699999999923e+01
7.628906770000030519e+02 2.410177300000000145e+01
7.669939400000002934e+02 2.370983100000000121e+01
7.670221519999977318e+02 2.364582100000000153e+01
7.678139109999974607e+02 2.426940899999999957e+01
7.678286680000019260e+02 2.435522299999999873e+01
7.678363180000014836e+02 2.439445500000000067e+01
7.678483810000034282e+02 2.444944399999999973e+01
7.688102750000034575e+02 2.341743599999999859e+01
7.688293130000020028e+02 2.352298599999999951e+01
7.688763939999989816e+02 2.370467400000000069e+01
7.688966389999986859e+02 2.374807699999999855e+01
7.698034039999984088e+02 2.317015299999999911e+01
7.698038510000042152e+02 2.316433200000000170e+01
7.698219370000006165e+02 2.327744300000000166e+01
7.698223859999998240e+02 2.327315799999999868e+01
7.708292829999991227e+02 2.304342799999999869e+01
7.708310770000025514e+02 2.306115000000000137e+01
7.718357390000019222e+02 2.373346499999999892e+01
7.718543350000036298e+02 2.380146600000000134e+01
7.737942990000010468e+02 2.392127199999999831e+01
7.738162890000021434e+02 2.407558900000000079e+01
7.748053139999974519e+02 2.343468999999999980e+01
7.748241120000020601e+02 2.347352199999999911e+01
7.777955920000022161e+02 2.131497699999999895e+01
7.777964879999999539e+02 2.135616999999999877e+01
7.789199230000012903e+02 2.246277900000000116e+01
7.789334369999996852e+02 2.248696699999999993e+01
7.798409470000042347e+02 2.150411499999999876e+01
7.819005489999981364e+02 2.227548699999999826e+01
7.819164850000015576e+02 2.227964199999999906e+01
7.957389489999986836e+02 2.294556700000000049e+01
8.017566359999982524e+02 2.457334300000000127e+01
8.017723370000021532e+02 2.463416399999999840e+01
8.017774780000036117e+02 2.464955900000000000e+01
8.017927760000020498e+02 2.469479600000000019e+01
8.038149770000018179e+02 2.445962899999999962e+01
8.038349809999999707e+02 2.451321000000000083e+01
8.047549629999994067e+02 2.371481800000000106e+01
8.066998050000038347e+02 2.131257899999999950e+01
8.067089620000042487e+02 2.135835399999999851e+01
8.067125339999984135e+02 2.305192800000000020e+01
8.067278280000027735e+02 2.313831800000000172e+01
8.076957679999977699e+02 2.145575099999999935e+01
8.077240769999989425e+02 2.158366200000000035e+01
8.147380580000026384e+02 2.213429599999999908e+01
8.147417150000037509e+02 2.213064299999999918e+01
8.147533980000007432e+02 2.216396599999999850e+01
8.147557339999984833e+02 2.215863399999999928e+01
8.147614119999998366e+02 2.216852599999999995e+01
8.147623109999985900e+02 2.217848700000000051e+01
8.147724759999982780e+02 2.218521099999999890e+01
8.147738339999996242e+02 2.219386599999999987e+01
8.169198560000004363e+02 2.326856799999999836e+01
8.169203029999989667e+02 2.329963800000000163e+01
8.169321080000008806e+02 2.323823300000000103e+01
8.169325549999994109e+02 2.319714300000000051e+01
8.169446450000032200e+02 2.316408099999999948e+01
8.176849609999990207e+02 2.430796899999999994e+01
8.177004690000030678e+02 2.439649299999999954e+01
8.197215230000001611e+02 2.452249700000000132e+01
8.197394910000002710e+02 2.458893700000000138e+01
8.246607680000015534e+02 2.411060900000000018e+01
8.246762230000022100e+02 2.419777399999999901e+01
8.276401120000009541e+02 2.177597000000000094e+01
8.287114020000008168e+02 2.361211899999999986e+01
8.316379610000003595e+02 2.162490700000000032e+01
8.316568689999985509e+02 2.279384399999999999e+01
8.428187939999988885e+02 2.183847600000000000e+01
8.428359580000033020e+02 2.179464099999999860e+01
8.467545620000018971e+02 2.439350999999999914e+01
8.467792320000007749e+02 2.425579000000000107e+01
8.586563949999981560e+02 2.216607600000000033e+01
8.637559479999981704e+02 2.387716400000000050e+01
8.637709069999982603e+02 2.383825600000000122e+01
8.697371940000011818e+02 2.225297399999999826e+01
8.697561600000044564e+02 2.219115700000000047e+01
8.707092909999992116e+02 2.178483400000000003e+01
8.707375440000032540e+02 2.173864500000000177e+01
8.707384380000003148e+02 2.173676599999999937e+01
8.986921300000030897e+02 2.131308999999999898e+01
1.035071452000003774e+03 2.206013499999999894e+01
1.035071897000001627e+03 2.206818099999999916e+01
1.038075640000002750e+03 2.195749899999999855e+01
1.038077874000002339e+03 2.192700200000000166e+01
1.040070635000003676e+03 2.138357699999999895e+01
1.045053289000003133e+03 2.335838400000000092e+01
1.046082111000003351e+03 2.176002499999999884e+01
1.049034720000003290e+03 2.152343400000000173e+01
1.053070660999997926e+03 2.230864800000000159e+01
1.055020004999998491e+03 2.242577400000000054e+01
1.055032326000000467e+03 2.250472500000000053e+01
1.055042315999999119e+03 2.253629300000000057e+01
1.055053149999999732e+03 2.261724800000000002e+01
1.055056419000000460e+03 2.261505700000000019e+01
1.055071542999998201e+03 2.222779500000000041e+01
1.062995988000002399e+03 2.402001200000000125e+01
1.063012270999999600e+03 2.412494600000000133e+01
1.063995162999999593e+03 2.444501899999999850e+01
1.064008667000001878e+03 2.453849400000000003e+01
1.066044613999998546e+03 2.351129800000000003e+01
1.066060302999998385e+03 2.356096199999999996e+01
1.066995392000004358e+03 2.416224899999999920e+01
1.067008850999998685e+03 2.424065399999999926e+01
1.071996102000004612e+03 2.360572099999999907e+01
1.072015483000002860e+03 2.369640599999999964e+01
1.074970751000000746e+03 2.170531799999999834e+01
1.074977472999999009e+03 2.173723999999999990e+01
1.077958330000001297e+03 2.170611299999999844e+01
1.077960115000001679e+03 2.171528199999999842e+01
1.077966365000000224e+03 2.174583000000000155e+01
1.077969948999998451e+03 2.176230899999999835e+01
1.079953018000000156e+03 2.148487899999999939e+01
1.080959625000003143e+03 2.243831600000000037e+01
1.080976270999999542e+03 2.253440600000000060e+01
1.095931464000001142e+03 2.429392899999999855e+01
1.095956110999999510e+03 2.440669099999999858e+01
1.097907181000002311e+03 2.418560499999999891e+01
1.097926767000004475e+03 2.430045700000000153e+01
1.097943089000000327e+03 2.441658400000000029e+01
1.097957081000000471e+03 2.446538800000000080e+01
1.101900916999999026e+03 2.295620699999999914e+01
1.101915775000001304e+03 2.296248399999999990e+01
1.104889504999999190e+03 2.307109099999999913e+01
1.104906484999999520e+03 2.318785799999999853e+01
1.118898608000003151e+03 2.348407100000000014e+01
1.118911239000000933e+03 2.352568600000000032e+01
1.121847947000002023e+03 2.302590000000000003e+01
1.121849737000004097e+03 2.304008500000000126e+01
1.132817245999998704e+03 2.258879299999999901e+01
1.132831804000001284e+03 2.267742300000000100e+01
1.147776902999998129e+03 2.413714999999999833e+01
1.147787320000003092e+03 2.419658899999999946e+01
1.148799450999998953e+03 2.335295100000000090e+01
1.148817908999997599e+03 2.342657000000000167e+01
1.149771613999997498e+03 2.306474199999999897e+01
1.149774299000004248e+03 2.308585000000000065e+01
1.153817575000000943e+03 2.444561300000000159e+01
1.153832722999999532e+03 2.448910100000000156e+01
1.155836105000002135e+03 2.441595200000000077e+01
1.155970858000000590e+03 2.434018500000000174e+01
1.156831154999999853e+03 2.369732499999999931e+01
1.156850340000004508e+03 2.373226400000000069e+01
1.157749319000002288e+03 2.416240399999999866e+01
1.157754700999998022e+03 2.413659300000000130e+01
1.157769240000001446e+03 2.428615900000000138e+01
1.157776074000001245e+03 2.427269400000000132e+01
1.159738477999999304e+03 2.275103299999999962e+01
1.159754532999999356e+03 2.284840600000000066e+01
1.161776711999998952e+03 2.164247800000000055e+01
1.162743010999998660e+03 2.218582200000000171e+01
1.162759583999999450e+03 2.227814599999999956e+01
1.169846557000004395e+03 2.243724699999999928e+01
1.169860556999999972e+03 2.243121000000000009e+01
1.170917183999998088e+03 2.181622499999999931e+01
1.170924799000000348e+03 2.179729000000000028e+01
1.171702273000002606e+03 2.446315999999999846e+01
1.171720050000003539e+03 2.428170799999999829e+01
1.171843291999997746e+03 2.341757399999999834e+01
1.171864655999997922e+03 2.338810000000000144e+01
1.171871443000003637e+03 2.337606600000000157e+01
1.171890337000004365e+03 2.333500799999999842e+01
1.171903329000000667e+03 2.329869100000000159e+01
1.171914716999999655e+03 2.326191700000000040e+01
1.173711293000000296e+03 2.454398600000000030e+01
1.173731205000003683e+03 2.466378800000000027e+01
1.175697509999998147e+03 2.456732999999999834e+01
1.175718181000003824e+03 2.470422900000000155e+01
1.179689976000001479e+03 2.302036800000000127e+01
1.179693566000001738e+03 2.304772000000000176e+01
1.184714340999998967e+03 2.292586299999999966e+01
1.190675721999999951e+03 2.151689199999999857e+01
1.191645977000000130e+03 2.084659800000000018e+01
1.191646422999998322e+03 2.085597599999999829e+01
1.191648208999999042e+03 2.086504899999999907e+01
1.191648655000004510e+03 2.086047399999999996e+01
1.204655165000003763e+03 2.147251299999999929e+01
1.206648305000002438e+03 2.156371400000000094e+01
1.206663989000000583e+03 2.435341199999999873e+01
1.206664886999998998e+03 2.435852099999999965e+01
1.206677648000004410e+03 2.439478799999999836e+01
1.206678546000002825e+03 2.439796099999999868e+01
1.210653005000000121e+03 2.157863899999999902e+01
1.210653453999999329e+03 2.160279799999999994e+01
1.210659294000004593e+03 2.159494199999999964e+01
1.210659743000003800e+03 2.161743200000000087e+01
1.213669458000003942e+03 2.401288100000000014e+01
1.213688159999997879e+03 2.405000300000000024e+01
1.213714044000000285e+03 2.407059900000000141e+01
1.213741370000003371e+03 2.407191600000000165e+01
1.225677472000003036e+03 2.161232400000000098e+01
1.404064422000003105e+03 2.110135800000000117e+01
1.405066889000001538e+03 2.181503000000000014e+01
1.418044653999997536e+03 2.332581000000000060e+01
1.420077954000000318e+03 2.185435700000000026e+01
1.420078850999998394e+03 2.185651599999999917e+01
1.422018190000002505e+03 2.423175099999999915e+01
1.422021357999998145e+03 2.426337699999999842e+01
1.422038980999997875e+03 2.436464900000000000e+01
1.422042171000000963e+03 2.438881699999999952e+01
1.427009891000001517e+03 2.322775499999999838e+01
1.427013033000002906e+03 2.319551600000000136e+01
1.427023433000002115e+03 2.330469799999999836e+01
1.427030247000002419e+03 2.329650000000000176e+01
1.427036194000000251e+03 2.336718600000000023e+01
1.427036641999999119e+03 2.332928499999999872e+01
1.427050359000000753e+03 2.342625400000000013e+01
1.427050807999999961e+03 2.339347800000000177e+01
1.428993324000002758e+03 2.225688299999999842e+01
1.428996978000002855e+03 2.349941600000000008e+01
1.429010074999998324e+03 2.380645499999999970e+01
1.429018773000003421e+03 2.380875800000000098e+01
1.429019221000002290e+03 2.385753700000000066e+01
1.429032020999999077e+03 2.392050100000000157e+01
1.429032938000003924e+03 2.388459800000000044e+01
1.429999516000003496e+03 2.111143399999999914e+01
1.430992637000003015e+03 2.109609700000000032e+01
1.430994423000003735e+03 2.110516700000000156e+01
1.431090392999998585e+03 2.166557500000000047e+01
1.445982049999998708e+03 2.276450000000000173e+01
1.449937279999998282e+03 2.409229699999999852e+01
1.449954992999999376e+03 2.421147399999999905e+01
1.452929688000003807e+03 2.446150799999999848e+01
1.452949331000003440e+03 2.459376699999999971e+01
1.458022921000003407e+03 2.409177700000000044e+01
1.458041851000001770e+03 2.411001399999999961e+01
1.458967325999998138e+03 2.287829500000000138e+01
1.458986622000003990e+03 2.298847299999999905e+01
1.459034829000003811e+03 2.444452899999999929e+01
1.459059530999998969e+03 2.452600299999999933e+01
1.459981514999999490e+03 2.299699800000000138e+01
1.460002619999999297e+03 2.310523900000000097e+01
1.492972796000001836e+03 2.192367499999999936e+01
1.492994349000000511e+03 2.191303999999999874e+01
1.502788032000004023e+03 2.419215000000000160e+01
1.502816680000003544e+03 2.435426899999999861e+01
1.502818024000000150e+03 2.431386499999999984e+01
1.502830660999999964e+03 2.437546499999999838e+01
1.505834965000001830e+03 2.338027900000000159e+01
1.506831106999998156e+03 2.329309100000000043e+01
1.509797955000001821e+03 2.389839800000000025e+01
1.509814074000001710e+03 2.397627100000000056e+01
1.513766501999998582e+03 2.308140799999999970e+01
1.513783088000003772e+03 2.319463400000000064e+01
1.513810066999998526e+03 2.335153599999999940e+01
1.513834189000001061e+03 2.346873499999999879e+01
1.514784478000001400e+03 2.270493099999999842e+01
1.514800264999998035e+03 2.278915100000000038e+01
1.515757177999999840e+03 2.139761100000000127e+01
1.515760748000000603e+03 2.141633699999999862e+01
1.517844010000000708e+03 2.224556700000000120e+01
1.517865847000000940e+03 2.228602000000000061e+01
1.525945790999998280e+03 2.157343499999999992e+01
1.525949828000004345e+03 2.156443799999999911e+01
1.525955222000004142e+03 2.155153999999999925e+01
1.527730761999999231e+03 2.410631199999999907e+01
1.527752848000003723e+03 2.424315800000000110e+01
1.528832397999998648e+03 2.404982899999999901e+01
1.528848083999997471e+03 2.400501300000000171e+01
1.530797139000002062e+03 2.431462399999999846e+01
1.530815425000000687e+03 2.435228100000000140e+01
1.531707617000000027e+03 2.346596100000000007e+01
1.531716132000001380e+03 2.346012100000000089e+01
1.531717025999998441e+03 2.352449199999999863e+01
1.531727444000003743e+03 2.353043999999999869e+01
1.537708135000000766e+03 2.304966200000000143e+01
1.537710371000001032e+03 2.306761799999999951e+01
1.538693753999999899e+03 2.405134599999999878e+01
1.538710976000002120e+03 2.415441799999999972e+01
1.539690461999998661e+03 2.389093400000000145e+01
1.539707041000001482e+03 2.400400799999999890e+01
1.541696678000000247e+03 2.357609400000000122e+01
1.541712535999999091e+03 2.366848099999999988e+01
1.544666784000000916e+03 2.247906899999999908e+01
1.544682620999999926e+03 2.258014999999999972e+01
1.545727935000002617e+03 2.242520199999999875e+01
1.545746069000000716e+03 2.248569900000000032e+01
1.552803832999998122e+03 2.208481799999999851e+01
1.552817597000001115e+03 2.207749700000000104e+01
1.552837288000002445e+03 2.205547699999999978e+01
1.552850538999999117e+03 2.203264000000000067e+01
1.552864714000003005e+03 2.200068800000000024e+01
1.552883685000000696e+03 2.194532900000000097e+01
1.556648199000002933e+03 2.150285099999999971e+01
1.557642240000001038e+03 2.108801599999999965e+01
1.557644023000000743e+03 2.109780100000000047e+01
1.557648068000002240e+03 2.111854100000000045e+01
1.557652588999997533e+03 2.114052200000000070e+01
1.579732439999999769e+03 2.156623300000000043e+01
1.579741481000004569e+03 2.156323000000000079e+01
1.579741930000003777e+03 2.157002100000000056e+01
1.579767286000002059e+03 2.154216999999999871e+01
1.579767734000000928e+03 2.155231900000000067e+01
1.579774213000004238e+03 2.153325999999999851e+01
1.579774661000003107e+03 2.154442500000000038e+01
1.582647707000003720e+03 2.168608300000000000e+01
1.588646770999999717e+03 2.148254700000000028e+01
1.592658954999998969e+03 2.206156899999999865e+01
1.595658252000001085e+03 2.243459899999999863e+01
1.595672564000000420e+03 2.362433300000000003e+01
1.597694477999997616e+03 2.392675799999999953e+01
1.597710893000003125e+03 2.391401600000000016e+01
1.597723446000003605e+03 2.389942800000000034e+01
1.597736982000002172e+03 2.384471599999999825e+01
1.608703800000002957e+03 2.153299700000000172e+01
1.608735936999997648e+03 2.146565700000000021e+01
1.643680591000003915e+03 2.149214800000000025e+01
1.643682380999998713e+03 2.147890200000000149e+01
1.776048745000000054e+03 2.334472500000000039e+01
1.776065192000001844e+03 2.143445799999999934e+01
1.777051157000001695e+03 2.337585500000000138e+01
1.784033847999999125e+03 2.446363500000000002e+01
1.784047340999997687e+03 2.454076999999999842e+01
1.785022056000001612e+03 2.266609000000000052e+01
1.785044362000000547e+03 2.272299200000000141e+01
1.785059152000001632e+03 2.443106699999999876e+01
1.787015045000000100e+03 2.154217299999999824e+01
1.787015489999997953e+03 2.155392300000000105e+01
1.787018167000001995e+03 2.156786100000000062e+01
1.787018613000000187e+03 2.156112600000000157e+01
1.787023967000000994e+03 2.158803699999999992e+01
1.787025756000002730e+03 2.160492999999999952e+01
1.787026203000001260e+03 2.159876399999999919e+01
1.787033350999998220e+03 2.163115700000000174e+01
1.791053295999998227e+03 2.193879000000000090e+01
1.799019420000004175e+03 2.442014500000000155e+01
1.799035384000002523e+03 2.448453299999999899e+01
1.800032656000003044e+03 2.325101899999999944e+01
1.800988378000001831e+03 2.287196300000000093e+01
1.803010670000003302e+03 2.383563699999999841e+01
1.803027515000001586e+03 2.390146500000000174e+01
1.804985398000004352e+03 2.424054699999999940e+01
1.805001809000001231e+03 2.433129100000000022e+01
1.807094159000000218e+03 2.190616100000000088e+01
1.807955499000003329e+03 2.461450900000000175e+01
1.807974663000000874e+03 2.474468099999999993e+01
1.814988188000002992e+03 2.148207299999999975e+01
1.814989085000001069e+03 2.148485700000000165e+01
1.815956259999999020e+03 2.155606099999999969e+01
1.825979205000003276e+03 2.392977099999999879e+01
1.825992876000003889e+03 2.396423199999999909e+01
1.828900568999997631e+03 2.319390599999999836e+01
1.828917765999998664e+03 2.329969099999999926e+01
1.829895101000001887e+03 2.419374600000000086e+01
1.829908864999997604e+03 2.429059600000000074e+01
1.831938306000003649e+03 2.322645199999999832e+01
1.842997996999998577e+03 2.312854499999999902e+01
1.843006195000001753e+03 2.313123500000000021e+01
1.843009000999998534e+03 2.314352299999999829e+01
1.843021895999998378e+03 2.320197999999999894e+01
1.843039330999999947e+03 2.304034400000000105e+01
1.843055765999997675e+03 2.328567400000000021e+01
1.845909278999999515e+03 2.180878699999999881e+01
1.847969758999999613e+03 2.230092600000000047e+01
1.847992253000003984e+03 2.231855600000000095e+01
1.852876291000000492e+03 2.279744799999999927e+01
1.852888983000004373e+03 2.283771000000000129e+01
1.852912448000002769e+03 2.289829999999999899e+01
1.852933325999998488e+03 2.293657999999999930e+01
1.853870137999998406e+03 2.339428099999999944e+01
1.853890727999998489e+03 2.343999000000000166e+01
1.854006113000003097e+03 2.350065899999999885e+01
1.854006562000002305e+03 2.348736299999999844e+01
1.854032040999998571e+03 2.343493600000000043e+01
1.854032488000004378e+03 2.345251700000000028e+01
1.855857002000004286e+03 2.402617199999999897e+01
1.855877067000001261e+03 2.405518500000000159e+01
1.856834654999998747e+03 2.340879400000000032e+01
1.856835102999997616e+03 2.340357099999999946e+01
1.856854884000000311e+03 2.351536600000000021e+01
1.856855336000000534e+03 2.351191100000000134e+01
1.857825538999997661e+03 2.402596099999999879e+01
1.857825985000003129e+03 2.402007800000000159e+01
1.857844085000004270e+03 2.412766699999999886e+01
1.857844535000003816e+03 2.413685200000000108e+01
1.860923412000003736e+03 2.454036599999999879e+01
1.860923862000003282e+03 2.456009399999999943e+01
1.860948067999997875e+03 2.456515600000000177e+01
1.860948520999998436e+03 2.457862799999999837e+01
1.861814289000001736e+03 2.387443100000000129e+01
1.861827644000004511e+03 2.395674899999999852e+01
1.862807689000001119e+03 2.421750300000000067e+01
1.862823109000004479e+03 2.432357199999999864e+01
1.862871297999998205e+03 2.451939700000000144e+01
1.862889084000002185e+03 2.457754200000000111e+01
1.864808633000000555e+03 2.294281499999999951e+01
1.864839167999998608e+03 2.315843800000000030e+01
1.881940339000000677e+03 2.326115300000000019e+01
1.881955925000002026e+03 2.322747700000000037e+01
1.882776533000003838e+03 2.422795199999999838e+01
1.882778324999999313e+03 2.421601000000000070e+01
1.882796611999998277e+03 2.423271099999999834e+01
1.882800196000003780e+03 2.422010399999999919e+01
1.882802015000001120e+03 2.420591100000000040e+01
1.882814214999998512e+03 2.415566600000000008e+01
1.882872900000002119e+03 2.417208300000000065e+01
1.882878621000003477e+03 2.416357800000000111e+01
1.882897516000004543e+03 2.415245000000000175e+01
1.882899775999998383e+03 2.414171100000000081e+01
1.890780536999998731e+03 2.315380000000000038e+01
1.892745863000003737e+03 2.322187100000000015e+01
1.892750385999999708e+03 2.325337299999999985e+01
1.894720442999998340e+03 2.399408899999999889e+01
1.894736688999997568e+03 2.410474200000000167e+01
1.894752454000001308e+03 2.419780199999999937e+01
1.894763876000004529e+03 2.426689299999999960e+01
1.896724478000003728e+03 2.160486200000000068e+01
1.896729862000000139e+03 2.162941000000000003e+01
1.897726813000001130e+03 2.173937400000000153e+01
1.898734720000000380e+03 2.183880500000000069e+01
1.899710231999997632e+03 2.139300199999999919e+01
1.899710678000003099e+03 2.140201000000000064e+01
1.899711572000000160e+03 2.140641099999999852e+01
1.899712017999998352e+03 2.140197500000000019e+01
1.901861817000004521e+03 2.268029100000000042e+01
1.901862266000003729e+03 2.270128100000000160e+01
1.920649081000003207e+03 2.174711800000000039e+01
1.921661357999997563e+03 2.332643500000000003e+01
1.921672603999999410e+03 2.338317899999999838e+01
1.921745187000000442e+03 2.365621099999999899e+01
1.921784037999997963e+03 2.370533100000000104e+01
1.922663313999997627e+03 2.388400700000000043e+01
1.922681665000003704e+03 2.398983000000000132e+01
1.924635652000004484e+03 2.145573500000000067e+01
1.924649172999997973e+03 2.151229800000000125e+01
1.925636007000000973e+03 2.148630400000000051e+01
1.925654842000003555e+03 2.156006100000000103e+01
1.926637258000002475e+03 2.180663300000000149e+01
1.926651226000001770e+03 2.186012900000000059e+01
1.943696322000003420e+03 2.469706800000000158e+01
1.943721376000001328e+03 2.471662900000000107e+01
1.973659349000001384e+03 2.194716400000000078e+01
1.973677555000002030e+03 2.193759000000000015e+01
1.981731811999998172e+03 2.328562700000000163e+01
1.981745033999999578e+03 2.322757700000000014e+01
1.981767114000002039e+03 2.306276700000000091e+01
1.983727633000002243e+03 2.364986299999999986e+01
1.983744174999999814e+03 2.357092899999999958e+01
2.134070851000004041e+03 2.154884099999999947e+01
2.138044658999999228e+03 2.342221999999999937e+01
2.138058607999999367e+03 2.350941500000000062e+01
2.141048038000000815e+03 2.163679000000000130e+01
2.141051612000002933e+03 2.165486800000000045e+01
2.141058311000000685e+03 2.168666800000000094e+01
2.141059205999998085e+03 2.169071999999999889e+01
2.141067256000002089e+03 2.157663600000000059e+01
2.154055734000001394e+03 2.305797799999999853e+01
2.154067483999999240e+03 2.306438500000000147e+01
2.155037108000004082e+03 2.300992700000000113e+01
2.156072736000001896e+03 2.154846999999999824e+01
2.160007815999997547e+03 2.280384099999999847e+01
2.160992946999998821e+03 2.420527200000000079e+01
2.161007533000003605e+03 2.430412899999999965e+01
2.164980625000003783e+03 2.388177400000000006e+01
2.164992900999997801e+03 2.396105100000000121e+01
2.167973520999999892e+03 2.172667900000000074e+01
2.168958183000002464e+03 2.124991199999999836e+01
2.169985954000003403e+03 2.199854300000000151e+01
2.170000062999999500e+03 2.210151300000000063e+01
2.170025580000001355e+03 2.227586900000000014e+01
2.170037198999998509e+03 2.235269299999999859e+01
2.171976246999998693e+03 2.160604599999999920e+01
2.180953023000001849e+03 2.348216800000000148e+01
2.180967521999999008e+03 2.354311099999999968e+01
2.180982120000000577e+03 2.359603900000000110e+01
2.180996267000002263e+03 2.364006200000000035e+01
2.181074662999999418e+03 2.375574399999999997e+01
2.182981613000003563e+03 2.426388199999999884e+01
2.182982062000002770e+03 2.422694200000000109e+01
2.182993340000000899e+03 2.429313900000000004e+01
2.182995670000003884e+03 2.426766399999999990e+01
2.189934606000002532e+03 2.377078600000000108e+01
2.189952679000001808e+03 2.385667199999999966e+01
2.196898191000000224e+03 2.257157199999999975e+01
2.196915258000000904e+03 2.269833500000000015e+01
2.197006074999997509e+03 2.360621099999999828e+01
2.197024267000000691e+03 2.392037399999999892e+01
2.199906791000001249e+03 2.201673100000000005e+01
2.199923175000003539e+03 2.209941399999999945e+01
2.218846980000002077e+03 2.401519499999999852e+01
2.218863537999997789e+03 2.410449200000000047e+01
2.219838375999999698e+03 2.337519400000000047e+01
2.219838822999998229e+03 2.336703899999999834e+01
2.219851159999998345e+03 2.343930200000000141e+01
2.219854338000004645e+03 2.346551399999999887e+01
2.221831465000002936e+03 2.346873499999999879e+01
2.221848083999997471e+03 2.362943800000000039e+01
2.226833890000001702e+03 2.158583399999999841e+01
2.235873840000000200e+03 2.312774200000000135e+01
2.235888909000001149e+03 2.314627099999999871e+01
2.235897186000001966e+03 2.315371199999999874e+01
2.235919202000004589e+03 2.316335700000000131e+01
2.235947022000000288e+03 2.315296899999999880e+01
2.235970925000001444e+03 2.312371900000000124e+01
2.238858980000004522e+03 2.322484100000000140e+01
2.238877633000003698e+03 2.334924699999999831e+01
2.250752853999998479e+03 2.152562999999999960e+01
2.250761435000000347e+03 2.156926400000000044e+01
2.250772231000002648e+03 2.161782399999999882e+01
2.251740845000000263e+03 2.117187799999999953e+01
2.251752074000003631e+03 2.118048800000000043e+01
2.262802896000001056e+03 2.239420600000000050e+01
2.262803794999999809e+03 2.239378100000000060e+01
2.262812399000002188e+03 2.240505800000000036e+01
2.262820863000000827e+03 2.241336499999999887e+01
2.262894803000002867e+03 2.239079900000000123e+01
2.262895251000001736e+03 2.237572600000000023e+01
2.262916740000000573e+03 2.234691099999999864e+01
2.262917187999999442e+03 2.232619599999999949e+01
2.262942299000002095e+03 2.227109899999999953e+01
2.262942747000000963e+03 2.224252500000000055e+01
2.262955348000003141e+03 2.218998200000000054e+01
2.262955795000001672e+03 2.221921100000000138e+01
2.263768465000001015e+03 2.305046400000000162e+01
2.263783560000003490e+03 2.306233299999999886e+01
2.264880817999997817e+03 2.327744900000000072e+01
2.264892603000000236e+03 2.325213499999999911e+01
2.265817760999998427e+03 2.431284499999999937e+01
2.265846836000004259e+03 2.426596800000000087e+01
2.267773892999997770e+03 2.442392900000000111e+01
2.267798153000003367e+03 2.447586099999999831e+01
2.268745406000001822e+03 2.435195300000000174e+01
2.268757459000000381e+03 2.439957700000000074e+01
2.271699695000002976e+03 2.430632599999999854e+01
2.271717695999999705e+03 2.442320000000000135e+01
2.275702798999998777e+03 2.322729999999999961e+01
2.275709070999997493e+03 2.325929100000000105e+01
2.275710421000003407e+03 2.327441500000000119e+01
2.275731118000003335e+03 2.337612999999999985e+01
2.275731576999998651e+03 2.338172300000000092e+01
2.276689815999998245e+03 2.301832399999999978e+01
2.276690713000003598e+03 2.301542600000000149e+01
2.280673790000000736e+03 2.162776200000000060e+01
2.280679600000003120e+03 2.165675900000000098e+01
2.280682285000002594e+03 2.166944799999999915e+01
2.282656810000000405e+03 2.139680800000000005e+01
2.290639504999999190e+03 2.179052400000000134e+01
2.290650785999998334e+03 2.183513999999999911e+01
2.290839525000003050e+03 2.215288400000000024e+01
2.290839973000001919e+03 2.217064500000000038e+01
2.290854954000002181e+03 2.210574599999999990e+01
2.290855401000000711e+03 2.212737299999999863e+01
2.292637085000002116e+03 2.113520899999999969e+01
2.293649558000004617e+03 2.198498500000000178e+01
2.295642628000001423e+03 2.130730000000000146e+01
2.303677449000002525e+03 2.331612799999999908e+01
2.304641108000003442e+03 2.190024000000000015e+01
2.304660013000000617e+03 2.194404600000000016e+01
2.308753560000004654e+03 2.353262399999999843e+01
2.308776222000000416e+03 2.351789499999999933e+01
2.309684707000000344e+03 2.400178299999999965e+01
2.309698357000001124e+03 2.402217100000000016e+01
2.316744469999997818e+03 2.203732300000000066e+01
2.316756688000001304e+03 2.202048999999999879e+01
2.316758481000004394e+03 2.201759500000000003e+01
2.316767185000004247e+03 2.200222499999999926e+01
2.317669461999998020e+03 2.196855599999999953e+01
2.317710376000002725e+03 2.198761800000000122e+01
2.317754793000000063e+03 2.195286300000000068e+01
2.320659186000004411e+03 2.233972899999999839e+01
2.320678463000003831e+03 2.307275200000000126e+01
2.326683808000001591e+03 2.400824100000000172e+01
2.326702557000004163e+03 2.399865899999999996e+01
2.329755928999999014e+03 2.332896300000000167e+01
2.329771673000002920e+03 2.326883700000000132e+01
2.335725798999999824e+03 2.497073800000000077e+01
2.335738801999999851e+03 2.494142300000000034e+01
2.348734383000002708e+03 2.174785999999999930e+01
2.348736882999997761e+03 2.173873299999999986e+01
2.352722650000003341e+03 2.359575900000000104e+01
2.352723097000001871e+03 2.363208900000000057e+01
2.352738592000001518e+03 2.316374499999999870e+01
2.352739039000000048e+03 2.320133300000000176e+01
2.355735113000002457e+03 2.413881599999999850e+01
2.359683179999999993e+03 2.188334299999999999e+01
2.503077025999999023e+03 2.143853400000000065e+01
2.509040428000000247e+03 2.428132599999999996e+01
2.509040873999998439e+03 2.429457100000000125e+01
2.509060464000001957e+03 2.441177800000000175e+01
2.509060914000001503e+03 2.442169700000000176e+01
2.513031790000000910e+03 2.453743300000000005e+01
2.513043351000000257e+03 2.456051700000000082e+01
2.513048037000000477e+03 2.464312100000000072e+01
2.513056909999999334e+03 2.464619300000000024e+01
2.515029393000004347e+03 2.380357100000000159e+01
2.515044479000003776e+03 2.389008199999999960e+01
2.516024364000004425e+03 2.426715099999999836e+01
2.516043021999998018e+03 2.437729699999999866e+01
2.517025463999998465e+03 2.405124700000000004e+01
2.517041446000002907e+03 2.414294500000000099e+01
2.523002386000000115e+03 2.290951799999999849e+01
2.523002831999998307e+03 2.290911499999999990e+01
2.523019188999998732e+03 2.297429699999999997e+01
2.523019637999997940e+03 2.299652800000000141e+01
2.523997243999998318e+03 2.149985600000000119e+01
2.525990130999998655e+03 2.155075100000000177e+01
2.536964520000001357e+03 2.439036700000000124e+01
2.536964965999999549e+03 2.438302799999999948e+01
2.536985980999997992e+03 2.445731100000000069e+01
2.536986430999997538e+03 2.445188500000000076e+01
2.537094533000003139e+03 2.175027499999999847e+01
2.537960458000001381e+03 2.436680300000000088e+01
2.537974096999998437e+03 2.445303600000000088e+01
2.537999081000001752e+03 2.457735800000000026e+01
2.538020219999998517e+03 2.466340200000000138e+01
2.538987219000002369e+03 2.345418099999999839e+01
2.540974111000003177e+03 2.410637600000000091e+01
2.540988794000004418e+03 2.418420400000000114e+01
2.541006317999999737e+03 2.430383499999999941e+01
2.541027696000004653e+03 2.436971300000000085e+01
2.541992249000002630e+03 2.460435599999999923e+01
2.542006391000002623e+03 2.465770200000000045e+01
2.547981499000001349e+03 2.375198899999999824e+01
2.547996660999997403e+03 2.380417399999999972e+01
2.549017474000000220e+03 2.392497600000000091e+01
2.549032980000003590e+03 2.395227500000000020e+01
2.551933702000002086e+03 2.266837999999999909e+01
2.551934150000000955e+03 2.266233199999999925e+01
2.551945432000000437e+03 2.275451100000000082e+01
2.551945881999999983e+03 2.276643999999999934e+01
2.551958919000004244e+03 2.286566099999999935e+01
2.551974335999999312e+03 2.296406500000000150e+01
2.552915829999998095e+03 2.237959000000000032e+01
2.552916275000003225e+03 2.239392300000000091e+01
2.552931308999999601e+03 2.249351000000000056e+01
2.552931755999998131e+03 2.250571000000000055e+01
2.572870062000001781e+03 2.343447899999999962e+01
2.572883139999998093e+03 2.351111900000000077e+01
2.572891859000003024e+03 2.355633900000000125e+01
2.572892309000002570e+03 2.350809500000000085e+01
2.572901823000000149e+03 2.355707900000000166e+01
2.572902272999999695e+03 2.360468600000000094e+01
2.573875874999997905e+03 2.351889800000000008e+01
2.573884246000001440e+03 2.351101099999999988e+01
2.573890750999999000e+03 2.359732299999999938e+01
2.573895265999999538e+03 2.357118099999999927e+01
2.576889731000002939e+03 2.368382599999999982e+01
2.576906861000003119e+03 2.375247299999999839e+01
2.577849490000000515e+03 2.344959599999999966e+01
2.577869322999998985e+03 2.351357700000000150e+01
2.578849504999998317e+03 2.320301100000000005e+01
2.578869457000000693e+03 2.336580000000000013e+01
2.582891203999999561e+03 2.237033800000000028e+01
2.582914758999999322e+03 2.244780499999999890e+01
2.594819422000000486e+03 2.423016499999999951e+01
2.594837260000000242e+03 2.432370600000000138e+01
2.595805351000002702e+03 2.425394899999999865e+01
2.595821937000000617e+03 2.435363500000000059e+01
2.597873426999998628e+03 2.349749500000000069e+01
2.598850203000001784e+03 2.300713899999999867e+01
2.598851099999999860e+03 2.301095499999999916e+01
2.599793464000002132e+03 2.435652199999999823e+01
2.599810312000001431e+03 2.446674499999999952e+01
2.602878858000003675e+03 2.449495200000000139e+01
2.602908644000002823e+03 2.451998299999999986e+01
2.603788482000003569e+03 2.338595899999999972e+01
2.603790716000003158e+03 2.333853699999999876e+01
2.603810075000001234e+03 2.350273200000000173e+01
2.603810525000000780e+03 2.345602799999999988e+01
2.604780393000000913e+03 2.379879199999999884e+01
2.604797297999997681e+03 2.388753300000000124e+01
2.605779897000000346e+03 2.128847100000000125e+01
2.605790245000003779e+03 2.133605700000000027e+01
2.606780997000001662e+03 2.175730300000000028e+01
2.617923770000001241e+03 2.239540799999999976e+01
2.617948716999999306e+03 2.234242400000000117e+01
2.619821577000002435e+03 2.368783900000000031e+01
2.619836413999997603e+03 2.368363000000000085e+01
2.619871534999998403e+03 2.366040999999999883e+01
2.620741847999997844e+03 2.406411400000000000e+01
2.620754994000002625e+03 2.414005500000000026e+01
2.623726662000000942e+03 2.307627199999999945e+01
2.623743878000001132e+03 2.317955200000000104e+01
2.624788313000004564e+03 2.487171700000000030e+01
2.624807424999999057e+03 2.492468399999999917e+01
2.625722424999999930e+03 2.415973999999999933e+01
2.625738381000002846e+03 2.425703599999999938e+01
2.628729405999998562e+03 2.300195499999999882e+01
2.628732551000000967e+03 2.302443699999999893e+01
2.629718353000003844e+03 2.359188199999999824e+01
2.629740270000002056e+03 2.370906000000000091e+01
2.632732260000004317e+03 2.450807100000000105e+01
2.632745313999999780e+03 2.461384999999999934e+01
2.633703213000000687e+03 2.376667300000000083e+01
2.633719983000002685e+03 2.387311400000000106e+01
2.634709360000000743e+03 2.319324299999999894e+01
2.635698616000001493e+03 2.293410099999999829e+01
2.635713909999998577e+03 2.302430400000000077e+01
2.636702687999997579e+03 2.297941199999999995e+01
2.636720851999998558e+03 2.307614200000000082e+01
2.637690420999999333e+03 2.149104799999999926e+01
2.637692203999999037e+03 2.149993200000000115e+01
2.644672774999999092e+03 2.151262099999999933e+01
2.644692917000000307e+03 2.160074499999999986e+01
2.644706349000000046e+03 2.164828599999999881e+01
2.648665358999998716e+03 2.373057700000000025e+01
2.648678880999999819e+03 2.380893199999999865e+01
2.651661035999997694e+03 2.397218399999999860e+01
2.651671795000002021e+03 2.403277399999999986e+01
2.655638513999998395e+03 2.153115800000000135e+01
2.655654332999998587e+03 2.159330299999999880e+01
2.656640208999997412e+03 2.163307199999999852e+01
2.656662307999999030e+03 2.287162100000000109e+01
2.657641465000000608e+03 2.175534899999999894e+01
2.657654888000004576e+03 2.180380800000000008e+01
2.659831126999997650e+03 2.313078700000000154e+01
2.659846139000001131e+03 2.308842500000000086e+01
2.660812675000001036e+03 2.311604000000000170e+01
2.665653804000001401e+03 2.146516899999999950e+01
2.665654700999999477e+03 2.147294600000000031e+01
2.671690363000001526e+03 2.182159899999999908e+01
2.672643098000000464e+03 2.139365000000000094e+01
2.672709104000001389e+03 2.166271800000000169e+01
2.672737437000003411e+03 2.167364399999999947e+01
2.672755664000003890e+03 2.166873100000000107e+01
2.673653357000002870e+03 2.161740800000000107e+01
2.673672397000002093e+03 2.193310699999999969e+01
2.675652833000000101e+03 2.140499399999999852e+01
2.685656763999999384e+03 2.164017899999999983e+01
2.690735005000002275e+03 2.355445299999999875e+01
2.690749177999998210e+03 2.348325799999999930e+01
2.691655652000001282e+03 2.190739599999999854e+01
2.691669160999997985e+03 2.191485300000000080e+01
2.706737623000000895e+03 2.350258099999999928e+01
2.706757830000002286e+03 2.323117299999999830e+01
2.732716134000002057e+03 2.137283499999999847e+01
2.735678952000002027e+03 2.193895799999999952e+01
2.735698347999998077e+03 2.185974300000000170e+01
2.866077772000004188e+03 2.134686900000000165e+01
2.870056032000000414e+03 2.405633100000000013e+01
2.877057317999999213e+03 2.484560700000000111e+01
2.878050417999998899e+03 2.382000999999999991e+01
2.878063395999997738e+03 2.388365999999999900e+01
2.879061367000002065e+03 2.193575600000000136e+01
2.880076845000003232e+03 2.176660499999999843e+01
2.891026030000000901e+03 2.379462799999999945e+01
2.891047121000003244e+03 2.388262500000000088e+01
2.891052649999997811e+03 2.390223299999999895e+01
2.892058702000002086e+03 2.320993400000000051e+01
2.893045341000004555e+03 2.281369700000000122e+01
2.893075164000001678e+03 2.114971099999999993e+01
2.894997492000002239e+03 2.378855599999999981e+01
2.895015021999999590e+03 2.387681800000000010e+01
2.896079562999999325e+03 2.207324799999999954e+01
2.902960816999999224e+03 2.432069500000000062e+01
2.902980752000003122e+03 2.444083399999999884e+01
2.903075473999997484e+03 2.470720899999999887e+01
2.903970394000003580e+03 2.361050099999999929e+01
2.903987272999998822e+03 2.369809000000000054e+01
2.906945914000003540e+03 2.209596700000000169e+01
2.906962293000004138e+03 2.224743399999999838e+01
2.917974791000000550e+03 2.404332300000000089e+01
2.917987564000002749e+03 2.407651999999999859e+01
2.917998783000002732e+03 2.410091200000000100e+01
2.918017369000001054e+03 2.413178399999999968e+01
2.918921619000000646e+03 2.366625700000000165e+01
2.918939915000002657e+03 2.372793800000000175e+01
2.920936524000004283e+03 2.435784900000000164e+01
2.920948334000000614e+03 2.442018799999999956e+01
2.923912104000002728e+03 2.391192300000000159e+01
2.923932549000004656e+03 2.403604899999999844e+01
2.947843248000004678e+03 2.351427699999999987e+01
2.947851297000001068e+03 2.351293300000000031e+01
2.947863574000002700e+03 2.362902000000000058e+01
2.947871796999999788e+03 2.362812900000000127e+01
2.948884987999997975e+03 2.358475200000000171e+01
2.948897340000003169e+03 2.362742300000000029e+01
2.949880124000002979e+03 2.431811799999999835e+01
2.949891471000002639e+03 2.436191600000000079e+01
2.950872336000000359e+03 2.319430699999999845e+01
2.950887436000004527e+03 2.325068100000000015e+01
2.951863620000003721e+03 2.294460499999999925e+01
2.952876293000001169e+03 2.324775100000000094e+01
2.952877190999999584e+03 2.324806500000000042e+01
2.952885742999998911e+03 2.328437399999999968e+01
2.953852658000003430e+03 2.411362899999999954e+01
2.953853110000003653e+03 2.412182699999999969e+01
2.953871494999999413e+03 2.420334899999999934e+01
2.953871953000001668e+03 2.420165000000000077e+01
2.954825126000003365e+03 2.415451200000000043e+01
2.954840650999998616e+03 2.425048100000000062e+01
2.957816156000000774e+03 2.418676100000000062e+01
2.957842441000000690e+03 2.433016800000000046e+01
2.958819105000002310e+03 2.368741299999999939e+01
2.958819551000000502e+03 2.370011900000000082e+01
2.958838631999999052e+03 2.380559200000000075e+01
2.958839081999998598e+03 2.381522199999999856e+01
2.966795129999998608e+03 2.218085500000000110e+01
2.966820713000000978e+03 2.231512999999999991e+01
2.975761811000003945e+03 2.318366800000000083e+01
2.975776817999998457e+03 2.327578000000000102e+01
2.982751875000001746e+03 2.277955499999999844e+01
2.983749375999999756e+03 2.325934000000000168e+01
2.983769584000001487e+03 2.336782900000000041e+01
2.989737195000001520e+03 2.259148499999999871e+01
2.989749537000003329e+03 2.267248000000000019e+01
2.992723540999999386e+03 2.158086099999999874e+01
2.993900847999997495e+03 2.159254500000000121e+01
3.001691149999998743e+03 2.364676000000000045e+01
3.001707170000001497e+03 2.351354100000000003e+01
3.002693509000004269e+03 2.359387999999999863e+01
3.002712198000001081e+03 2.369982600000000161e+01
3.003965298000002804e+03 2.166838800000000020e+01
3.004799952000001213e+03 2.442769799999999947e+01
3.004822851999997511e+03 2.435914899999999861e+01
3.005684841000002052e+03 2.422691899999999876e+01
3.005696135999998660e+03 2.429370499999999922e+01
3.005739582000001974e+03 2.450933300000000159e+01
3.005740031000001181e+03 2.448325499999999977e+01
3.005755969999998342e+03 2.455083099999999874e+01
3.005756418999997550e+03 2.452892900000000154e+01
3.007673762999998871e+03 2.429340099999999936e+01
3.007692889999998442e+03 2.442129299999999859e+01
3.007740087999998650e+03 2.459998300000000171e+01
3.007755137000000104e+03 2.464982799999999941e+01
3.009678542000001471e+03 2.284973899999999958e+01
3.011687367999998969e+03 2.464217199999999863e+01
3.011701582000001508e+03 2.471416800000000080e+01
3.015655008000001544e+03 2.147168399999999977e+01
3.018665745999998762e+03 2.278999599999999859e+01
3.019640757000001031e+03 2.103847199999999873e+01
3.019673911999998381e+03 2.133068000000000097e+01
3.021636998000001768e+03 2.197473000000000098e+01
3.021650929000003089e+03 2.202968800000000016e+01
3.022652558000001591e+03 2.146502100000000013e+01
3.027771748999999545e+03 2.165909399999999962e+01
3.027791220999999496e+03 2.164775099999999952e+01
3.027803035999997519e+03 2.163565099999999930e+01
3.027806747000002360e+03 2.163103200000000115e+01
3.032640150999999605e+03 2.218159700000000001e+01
3.032658284000004642e+03 2.222835900000000109e+01
3.032705448000000615e+03 2.465431900000000098e+01
3.032716697000003478e+03 2.466978500000000096e+01
3.037652018000000680e+03 2.203797099999999887e+01
3.042759223000000929e+03 2.320109300000000019e+01
3.045690119999999297e+03 2.315705900000000028e+01
3.049693181000002369e+03 2.170362400000000136e+01
3.054700111999998626e+03 2.243021600000000149e+01
3.054722415000003821e+03 2.240370700000000070e+01
3.055698686000003363e+03 2.191697800000000029e+01
3.055700480999999854e+03 2.191620199999999841e+01
3.055709204999999201e+03 2.191116600000000147e+01
3.075770903000004182e+03 2.444972500000000082e+01
3.084683191000003717e+03 2.199166100000000057e+01
3.084697209999998449e+03 2.242390999999999934e+01
3.099688846999997622e+03 2.135178700000000163e+01
3.099689294000003429e+03 2.131981100000000140e+01
3.099691081999997550e+03 2.131193499999999830e+01
3.099691529000003356e+03 2.134096800000000016e+01
3.102695845000002009e+03 2.136557900000000032e+01
3.232067171000002418e+03 2.129155000000000086e+01
3.232071190000002389e+03 2.123847100000000054e+01
3.233062041999997746e+03 2.397768599999999850e+01
3.234060127000004286e+03 2.144174399999999991e+01
3.240060704000003170e+03 2.262332800000000077e+01
3.240074832999998762e+03 2.218185199999999924e+01
3.246065187000000151e+03 2.424049099999999868e+01
3.249016885999997612e+03 2.432008099999999828e+01
3.249039350999999442e+03 2.445085900000000123e+01
3.261978538000003027e+03 2.132590599999999981e+01
3.261989733000002161e+03 2.138025999999999982e+01
3.267956393000000389e+03 2.223482500000000073e+01
3.272963588999999047e+03 2.384934900000000013e+01
3.272976406000001589e+03 2.390618600000000171e+01
3.275973573000002943e+03 2.284225400000000050e+01
3.275976711000002979e+03 2.286033600000000021e+01
3.276947726999998849e+03 2.303079200000000171e+01
3.280081127999997989e+03 2.171767699999999834e+01
3.280096901000004436e+03 2.171000300000000038e+01
3.284920421000002534e+03 2.442130500000000026e+01
3.284931277000003320e+03 2.449245399999999862e+01
3.284938610999997763e+03 2.453561499999999995e+01
3.284954645999998320e+03 2.461761999999999873e+01
3.287906122000000323e+03 2.355273400000000095e+01
3.287919694000003801e+03 2.381972400000000079e+01
3.287961497000003874e+03 2.401210800000000134e+01
3.287984247000000323e+03 2.408024299999999940e+01
3.288957880000001751e+03 2.355334300000000169e+01
3.289910826999999699e+03 2.233489300000000100e+01
3.289929575000001932e+03 2.248611999999999966e+01
3.292986503000000084e+03 2.252623799999999932e+01
3.293008101999999781e+03 2.258020000000000138e+01
3.302871571000003314e+03 2.436163900000000027e+01
3.302890595999997458e+03 2.448020700000000005e+01
3.311934710000001360e+03 2.458777200000000107e+01
3.311953939999999420e+03 2.461591599999999858e+01
3.315845886000002793e+03 2.402862400000000065e+01
3.315863498999999138e+03 2.411599999999999966e+01
3.316923925000002782e+03 2.354702299999999937e+01
3.316947952000002260e+03 2.358029499999999956e+01
3.317840738999999303e+03 2.154812499999999886e+01
3.328983369000001403e+03 2.346019199999999927e+01
3.329006365000001097e+03 2.339771199999999851e+01
3.336891182999999728e+03 2.344393399999999872e+01
3.336908810000000813e+03 2.344735199999999864e+01
3.337768336000001000e+03 2.387157399999999896e+01
3.337782340999998269e+03 2.396083700000000150e+01
3.337802562999997463e+03 2.406666799999999995e+01
3.337816783000002033e+03 2.412689200000000156e+01
3.339781700999999885e+03 2.400986599999999882e+01
3.339802372999998624e+03 2.411141900000000149e+01
3.340768417999999656e+03 2.367389199999999860e+01
3.340782663999998476e+03 2.375452599999999848e+01
3.341770391999998537e+03 2.319499400000000122e+01
3.343760363000001234e+03 2.158268699999999995e+01
3.343769520000001648e+03 2.424120699999999928e+01
3.343779891999998654e+03 2.432025399999999848e+01
3.344766530000000785e+03 2.294182899999999847e+01
3.344778578999997990e+03 2.302343099999999865e+01
3.356927588999998989e+03 2.165246600000000043e+01
3.356932620999999926e+03 2.164255199999999846e+01
3.357871813999998267e+03 2.413538199999999989e+01
3.365714168999998947e+03 2.305499500000000168e+01
3.365715541999998095e+03 2.306540700000000044e+01
3.367809977000004437e+03 2.467533900000000102e+01
3.367836640000001353e+03 2.468638500000000136e+01
3.371690378999999666e+03 2.366224199999999911e+01
3.371710193999999319e+03 2.377291299999999907e+01
3.373677369000004546e+03 2.179389799999999866e+01
3.373677816000003077e+03 2.178955799999999954e+01
3.382793065999998362e+03 2.226773999999999987e+01
3.382808615000001737e+03 2.225881400000000099e+01
3.382824527000004309e+03 2.224104900000000029e+01
3.382841164999998000e+03 2.221263300000000029e+01
3.383650646000001871e+03 2.130389200000000116e+01
3.383683418000000529e+03 2.158364200000000110e+01
3.384641137999999046e+03 2.155639100000000141e+01
3.384645603999997547e+03 2.157945099999999883e+01
3.384650964000000386e+03 2.160547199999999890e+01
3.384704352000000654e+03 2.416469899999999882e+01
3.384815784999998868e+03 2.345691800000000171e+01
3.384833305000000109e+03 2.341566699999999912e+01
3.386636467000003904e+03 2.165358300000000114e+01
3.386636913000002096e+03 2.166129700000000113e+01
3.386649955000000773e+03 2.170756300000000039e+01
3.386650402999999642e+03 2.171409999999999840e+01
3.388662715999998909e+03 2.452154499999999970e+01
3.388664066999997885e+03 2.453410200000000074e+01
3.388674950000000536e+03 2.457948999999999984e+01
3.388677224999999453e+03 2.459320900000000165e+01
3.389641118999999890e+03 2.146158700000000152e+01
3.390648636999998416e+03 2.197305899999999923e+01
3.392662561999997706e+03 2.412629300000000043e+01
3.392664355000000796e+03 2.414019599999999954e+01
3.392676504000002751e+03 2.419064099999999939e+01
3.392677402000001166e+03 2.419020400000000137e+01
3.418679745000001276e+03 2.446834199999999981e+01
3.418707936999999220e+03 2.445980799999999888e+01
3.420656728000001749e+03 2.160797399999999868e+01
3.421676122000004398e+03 2.464181699999999964e+01
3.421695234999999229e+03 2.463894300000000115e+01
3.430721710999998322e+03 2.374142300000000105e+01
3.430749283000004652e+03 2.366512200000000021e+01
3.437724041000001307e+03 2.170420999999999978e+01
3.437724487999999837e+03 2.168153600000000125e+01
3.437727211999997962e+03 2.167359700000000089e+01
3.438660422000000835e+03 2.212540100000000010e+01
3.438660869999999704e+03 2.211631600000000120e+01
3.438680203000003530e+03 2.209749400000000108e+01
3.438680652000002738e+03 2.210832500000000067e+01
3.439698539999997593e+03 2.167431699999999850e+01
3.439699437000002945e+03 2.167295500000000175e+01
3.440701434000002337e+03 2.241599499999999878e+01
3.440718687000000500e+03 2.233820000000000050e+01
3.456698268000000098e+03 2.339827100000000115e+01
3.456711811000001035e+03 2.332709499999999991e+01
3.465693860999999742e+03 2.131906199999999885e+01
