8.047549629999994067e+02 2.371481800000000106e+01
1.427009891000001517e+03 2.322775499999999838e+01
2.138044658999999228e+03 2.342221999999999937e+01
1.427023433000002115e+03 2.330469799999999836e+01
1.427050359000000753e+03 2.342625400000000013e+01
2.138058607999999367e+03 2.350941500000000062e+01
1.427036194000000251e+03 2.336718600000000023e+01
2.975776817999998457e+03 2.327578000000000102e+01
2.975761811000003945e+03 2.318366800000000083e+01
1.458041851000001770e+03 2.411001399999999961e+01
8.067278280000027735e+02 2.313831800000000172e+01
8.067125339999984135e+02 2.305192800000000020e+01
1.458022921000003407e+03 2.409177700000000044e+01
1.531707617000000027e+03 2.346596100000000007e+01
1.531717025999998441e+03 2.352449199999999863e+01
4.049494889999987208e+02 2.317842500000000072e+01
2.572870062000001781e+03 2.343447899999999962e+01
2.572902272999999695e+03 2.360468600000000094e+01
3.456698268000000098e+03 2.339827100000000115e+01
2.572883139999998093e+03 2.351111900000000077e+01
2.573890750999999000e+03 2.359732299999999938e+01
2.572891859000003024e+03 2.355633900000000125e+01
2.583452000000397675e+01 2.342851299999999881e+01
3.456711811000001035e+03 2.332709499999999991e+01
4.049678770000027725e+02 2.300770599999999888e+01
1.071996102000004612e+03 2.360572099999999907e+01
2.576889731000002939e+03 2.368382599999999982e+01
2.585926199999812525e+01 2.367833299999999852e+01
1.072015483000002860e+03 2.369640599999999964e+01
4.049853030000012950e+02 2.300410600000000017e+01
2.576906861000003119e+03 2.375247299999999839e+01
4.050030059999990044e+02 2.316964600000000019e+01
2.573875874999997905e+03 2.351889800000000008e+01
2.603810075000001234e+03 2.350273200000000173e+01
9.285670000026584603e-01 2.358944999999999936e+01
2.603788482000003569e+03 2.338595899999999972e+01
9.102160000038566068e-01 2.354507100000000008e+01
2.903987272999998822e+03 2.369809000000000054e+01
2.903970394000003580e+03 2.361050099999999929e+01
3.328983369000001403e+03 2.346019199999999927e+01
2.895015021999999590e+03 2.387681800000000010e+01
2.894997492000002239e+03 2.378855599999999981e+01
3.329006365000001097e+03 2.339771199999999851e+01
2.197024267000000691e+03 2.392037399999999892e+01
2.197006074999997509e+03 2.360621099999999828e+01
8.492092000000411645e+01 2.325955499999999887e+01
8.490222699999867473e+01 2.353115400000000079e+01
1.776048745000000054e+03 2.334472500000000039e+01
1.776065192000001844e+03 2.143445799999999934e+01
9.372010600000066916e+01 2.348558999999999841e+01
9.367425599999842234e+01 2.332441599999999937e+01
9.369912499999918509e+01 2.312695899999999938e+01
2.263768465000001015e+03 2.305046400000000162e+01
9.369187600000441307e+01 2.327180800000000005e+01
2.263783560000003490e+03 2.306233299999999886e+01
2.264892603000000236e+03 2.325213499999999911e+01
2.264880817999997817e+03 2.327744900000000072e+01
2.219854338000004645e+03 2.346551399999999887e+01
2.219838375999999698e+03 2.337519400000000047e+01
7.688763939999989816e+02 2.370467400000000069e+01
1.854006562000002305e+03 2.348736299999999844e+01
1.854032040999998571e+03 2.343493600000000043e+01
7.688966389999986859e+02 2.374807699999999855e+01
7.698219370000006165e+02 2.327744300000000166e+01
7.698034039999984088e+02 2.317015299999999911e+01
1.981745033999999578e+03 2.322757700000000014e+01
1.981767114000002039e+03 2.306276700000000091e+01
1.981731811999998172e+03 2.328562700000000163e+01
4.507598700000016834e+02 2.374042999999999992e+01
1.101915775000001304e+03 2.296248399999999990e+01
1.101900916999999026e+03 2.295620699999999914e+01
4.507752010000040173e+02 2.394379800000000103e+01
3.340768417999999656e+03 2.367389199999999860e+01
3.340782663999998476e+03 2.375452599999999848e+01
1.171843291999997746e+03 2.341757399999999834e+01
1.171914716999999655e+03 2.326191700000000040e+01
2.690749177999998210e+03 2.348325799999999930e+01
1.171903329000000667e+03 2.329869100000000159e+01
1.171871443000003637e+03 2.337606600000000157e+01
1.777051157000001695e+03 2.337585500000000138e+01
2.690735005000002275e+03 2.355445299999999875e+01
2.918921619000000646e+03 2.366625700000000165e+01
2.918939915000002657e+03 2.372793800000000175e+01
1.171864655999997922e+03 2.338810000000000144e+01
1.171890337000004365e+03 2.333500799999999842e+01
2.221848083999997471e+03 2.362943800000000039e+01
2.221831465000002936e+03 2.346873499999999879e+01
1.843055765999997675e+03 2.328567400000000021e+01
1.843006195000001753e+03 2.313123500000000021e+01
1.843021895999998378e+03 2.320197999999999894e+01
1.843039330999999947e+03 2.304034400000000105e+01
1.357736690000019735e+02 2.321593199999999868e+01
3.370060799999992014e+02 2.365653199999999856e+01
1.856834654999998747e+03 2.340879400000000032e+01
1.357606230000019423e+02 2.325911500000000132e+01
7.718543350000036298e+02 2.380146600000000134e+01
7.718357390000019222e+02 2.373346499999999892e+01
1.856854884000000311e+03 2.351536600000000021e+01
3.370317300000024261e+02 2.365903799999999890e+01
2.947863574000002700e+03 2.362902000000000058e+01
2.947843248000004678e+03 2.351427699999999987e+01
2.515029393000004347e+03 2.380357100000000159e+01
2.515044479000003776e+03 2.389008199999999960e+01
2.948884987999997975e+03 2.358475200000000171e+01
2.948897340000003169e+03 2.362742300000000029e+01
1.828900568999997631e+03 2.319390599999999836e+01
1.828917765999998664e+03 2.329969099999999926e+01
7.670221519999977318e+02 2.364582100000000153e+01
3.384815784999998868e+03 2.345691800000000171e+01
3.384833305000000109e+03 2.341566699999999912e+01
7.669939400000002934e+02 2.370983100000000121e+01
2.950872336000000359e+03 2.319430699999999845e+01
2.950887436000004527e+03 2.325068100000000015e+01
1.852888983000004373e+03 2.283771000000000129e+01
1.852876291000000492e+03 2.279744799999999927e+01
3.371710193999999319e+03 2.377291299999999907e+01
1.852933325999998488e+03 2.293657999999999930e+01
3.371690378999999666e+03 2.366224199999999911e+01
1.852912448000002769e+03 2.289829999999999899e+01
1.881940339000000677e+03 2.326115300000000019e+01
1.881955925000002026e+03 2.322747700000000037e+01
1.854006113000003097e+03 2.350065899999999885e+01
1.854032488000004378e+03 2.345251700000000028e+01
7.688293130000020028e+02 2.352298599999999951e+01
1.853870137999998406e+03 2.339428099999999944e+01
7.688102750000034575e+02 2.341743599999999859e+01
1.853890727999998489e+03 2.343999000000000166e+01
1.842997996999998577e+03 2.312854499999999902e+01
1.843009000999998534e+03 2.314352299999999829e+01
3.370629130000015721e+02 2.360579399999999950e+01
3.370389760000034585e+02 2.370092700000000008e+01
2.219838822999998229e+03 2.336703899999999834e+01
7.698038510000042152e+02 2.316433200000000170e+01
7.698223859999998240e+02 2.327315799999999868e+01
2.219851159999998345e+03 2.343930200000000141e+01
1.856855336000000534e+03 2.351191100000000134e+01
1.856835102999997616e+03 2.340357099999999946e+01
3.316923925000002782e+03 2.354702299999999937e+01
3.680656779999990249e+02 2.362002000000000024e+01
1.357362409999986994e+02 2.338154899999999969e+01
1.357511650000014924e+02 2.338254999999999839e+01
1.357610700000004726e+02 2.328603199999999873e+01
3.680511239999977988e+02 2.335349599999999981e+01
1.357741160000005038e+02 2.324709700000000012e+01
3.316947952000002260e+03 2.358029499999999956e+01
2.326683808000001591e+03 2.400824100000000172e+01
2.326702557000004163e+03 2.399865899999999996e+01
2.577849490000000515e+03 2.344959599999999966e+01
2.578849504999998317e+03 2.320301100000000005e+01
2.577869322999998985e+03 2.351357700000000150e+01
2.578869457000000693e+03 2.336580000000000013e+01
1.045053289000003133e+03 2.335838400000000092e+01
3.232067171000002418e+03 2.129155000000000086e+01
3.430721710999998322e+03 2.374142300000000105e+01
2.329771673000002920e+03 2.326883700000000132e+01
3.430749283000004652e+03 2.366512200000000021e+01
2.329755928999999014e+03 2.332896300000000167e+01
3.948531100000036531e+02 2.337251900000000049e+01
3.948307320000021718e+02 2.345480999999999838e+01
2.547981499000001349e+03 2.375198899999999824e+01
2.547996660999997403e+03 2.380417399999999972e+01
2.549032980000003590e+03 2.395227500000000020e+01
2.549017474000000220e+03 2.392497600000000091e+01
1.513783088000003772e+03 2.319463400000000064e+01
2.983749375999999756e+03 2.325934000000000168e+01
2.983769584000001487e+03 2.336782900000000041e+01
8.637559479999981704e+02 2.387716400000000050e+01
1.513766501999998582e+03 2.308140799999999970e+01
8.637709069999982603e+02 2.383825600000000122e+01
1.513810066999998526e+03 2.335153599999999940e+01
1.513834189000001061e+03 2.346873499999999879e+01
3.002712198000001081e+03 2.369982600000000161e+01
3.002693509000004269e+03 2.359387999999999863e+01
1.066044613999998546e+03 2.351129800000000003e+01
8.169203029999989667e+02 2.329963800000000163e+01
1.066060302999998385e+03 2.356096199999999996e+01
8.169321080000008806e+02 2.323823300000000103e+01
3.001691149999998743e+03 2.364676000000000045e+01
8.169446450000032200e+02 2.316408099999999948e+01
3.001707170000001497e+03 2.351354100000000003e+01
2.189952679000001808e+03 2.385667199999999966e+01
1.104889504999999190e+03 2.307109099999999913e+01
2.623743878000001132e+03 2.317955200000000104e+01
1.541696678000000247e+03 2.357609400000000122e+01
4.516865269999980228e+02 2.323208299999999937e+01
1.541712535999999091e+03 2.366848099999999988e+01
2.189934606000002532e+03 2.377078600000000108e+01
4.516713420000014594e+02 2.325510399999999933e+01
1.104906484999999520e+03 2.318785799999999853e+01
2.623726662000000942e+03 2.307627199999999945e+01
3.287961497000003874e+03 2.401210800000000134e+01
3.287984247000000323e+03 2.408024299999999940e+01
1.118898608000003151e+03 2.348407100000000014e+01
1.118911239000000933e+03 2.352568600000000032e+01
3.288957880000001751e+03 2.355334300000000169e+01
3.287906122000000323e+03 2.355273400000000095e+01
3.287919694000003801e+03 2.381972400000000079e+01
2.238877633000003698e+03 2.334924699999999831e+01
2.238858980000004522e+03 2.322484100000000140e+01
2.660812675000001036e+03 2.311604000000000170e+01
2.235947022000000288e+03 2.315296899999999880e+01
2.878063395999997738e+03 2.388365999999999900e+01
2.659831126999997650e+03 2.313078700000000154e+01
2.235888909000001149e+03 2.314627099999999871e+01
2.235919202000004589e+03 2.316335700000000131e+01
2.235897186000001966e+03 2.315371199999999874e+01
2.659846139000001131e+03 2.308842500000000086e+01
1.148799450999998953e+03 2.335295100000000090e+01
2.878050417999998899e+03 2.382000999999999991e+01
1.148817908999997599e+03 2.342657000000000167e+01
2.235873840000000200e+03 2.312774200000000135e+01
2.235970925000001444e+03 2.312371900000000124e+01
2.352723097000001871e+03 2.363208900000000057e+01
2.352739039000000048e+03 2.320133300000000176e+01
1.531716132000001380e+03 2.346012100000000089e+01
1.531727444000003743e+03 2.353043999999999869e+01
2.573895265999999538e+03 2.357118099999999927e+01
1.921784037999997963e+03 2.370533100000000104e+01
2.572901823000000149e+03 2.355707900000000166e+01
1.921745187000000442e+03 2.365621099999999899e+01
1.921661357999997563e+03 2.332643500000000003e+01
2.573884246000001440e+03 2.351101099999999988e+01
1.921672603999999410e+03 2.338317899999999838e+01
2.572892309000002570e+03 2.350809500000000085e+01
2.629718353000003844e+03 2.359188199999999824e+01
2.629740270000002056e+03 2.370906000000000091e+01
2.603810525000000780e+03 2.345602799999999988e+01
2.603790716000003158e+03 2.333853699999999876e+01
2.892058702000002086e+03 2.320993400000000051e+01
1.597723446000003605e+03 2.389942800000000034e+01
1.803010670000003302e+03 2.383563699999999841e+01
1.803027515000001586e+03 2.390146500000000174e+01
1.597710893000003125e+03 2.391401600000000016e+01
1.597736982000002172e+03 2.384471599999999825e+01
1.597694477999997616e+03 2.392675799999999953e+01
2.706737623000000895e+03 2.350258099999999928e+01
2.706757830000002286e+03 2.323117299999999830e+01
9.183696000000054482e+01 2.399745199999999912e+01
9.185889200000383426e+01 2.398159000000000063e+01
1.156850340000004508e+03 2.373226400000000069e+01
1.156831154999999853e+03 2.369732499999999931e+01
8.169198560000004363e+02 2.326856799999999836e+01
2.352738592000001518e+03 2.316374499999999870e+01
8.169325549999994109e+02 2.319714300000000051e+01
2.352722650000003341e+03 2.359575900000000104e+01
7.748053139999974519e+02 2.343468999999999980e+01
7.748241120000020601e+02 2.347352199999999911e+01
2.308776222000000416e+03 2.351789499999999933e+01
2.308753560000004654e+03 2.353262399999999843e+01
3.280489359999992303e+02 2.370384200000000163e+01
3.280327509999988251e+02 2.365919200000000089e+01
1.427050807999999961e+03 2.339347800000000177e+01
1.427030247000002419e+03 2.329650000000000176e+01
1.427036641999999119e+03 2.332928499999999872e+01
1.427013033000002906e+03 2.319551600000000136e+01
2.947851297000001068e+03 2.351293300000000031e+01
2.947871796999999788e+03 2.362812900000000127e+01
