4.177980180000013206e+02 2.455978899999999854e+01
2.602878858000003675e+03 2.449495200000000139e+01
4.177792509999999311e+02 2.416871400000000136e+01
2.602908644000002823e+03 2.451998299999999986e+01
2.513031790000000910e+03 2.453743300000000005e+01
2.513048037000000477e+03 2.464312100000000072e+01
1.860923862000003282e+03 2.456009399999999943e+01
1.860948520999998436e+03 2.457862799999999837e+01
2.182981613000003563e+03 2.426388199999999884e+01
2.182993340000000899e+03 2.429313900000000004e+01
3.007673762999998871e+03 2.429340099999999936e+01
3.007692889999998442e+03 2.442129299999999859e+01
1.807974663000000874e+03 2.474468099999999993e+01
1.807955499000003329e+03 2.461450900000000175e+01
4.486925590000028023e+02 2.426799499999999910e+01
4.487108010000010836e+02 2.449889999999999901e+01
1.829895101000001887e+03 2.419374600000000086e+01
1.829908864999997604e+03 2.429059600000000074e+01
2.632732260000004317e+03 2.450807100000000105e+01
2.632745313999999780e+03 2.461384999999999934e+01
1.171720050000003539e+03 2.428170799999999829e+01
1.171702273000002606e+03 2.446315999999999846e+01
3.284931277000003320e+03 2.449245399999999862e+01
3.284920421000002534e+03 2.442130500000000026e+01
3.284938610999997763e+03 2.453561499999999995e+01
2.267773892999997770e+03 2.442392900000000111e+01
2.267798153000003367e+03 2.447586099999999831e+01
3.284954645999998320e+03 2.461761999999999873e+01
5.293616699999984121e+01 2.408583000000000141e+01
5.295243099999788683e+01 2.421258100000000013e+01
2.536964520000001357e+03 2.439036700000000124e+01
2.953853110000003653e+03 2.412182699999999969e+01
3.388677224999999453e+03 2.459320900000000165e+01
1.449937279999998282e+03 2.409229699999999852e+01
2.536985980999997992e+03 2.445731100000000069e+01
1.422042171000000963e+03 2.438881699999999952e+01
1.449954992999999376e+03 2.421147399999999905e+01
2.954840650999998616e+03 2.425048100000000062e+01
3.388664066999997885e+03 2.453410200000000074e+01
2.509040873999998439e+03 2.429457100000000125e+01
8.017566359999982524e+02 2.457334300000000127e+01
2.953871494999999413e+03 2.420334899999999934e+01
8.017723370000021532e+02 2.463416399999999840e+01
1.422021357999998145e+03 2.426337699999999842e+01
2.509060914000001503e+03 2.442169700000000176e+01
2.954825126000003365e+03 2.415451200000000043e+01
1.862807689000001119e+03 2.421750300000000067e+01
1.862823109000004479e+03 2.432357199999999864e+01
3.589423230000029434e+02 2.455895699999999948e+01
3.589311779999989085e+02 2.450277900000000031e+01
1.126678170000013779e+02 2.478503100000000003e+01
1.126828910000040196e+02 2.473035499999999942e+01
2.949880124000002979e+03 2.431811799999999835e+01
2.949891471000002639e+03 2.436191600000000079e+01
3.388674950000000536e+03 2.457948999999999984e+01
1.422018190000002505e+03 2.423175099999999915e+01
3.388662715999998909e+03 2.452154499999999970e+01
1.422038980999997875e+03 2.436464900000000000e+01
2.953852658000003430e+03 2.411362899999999954e+01
2.953871953000001668e+03 2.420165000000000077e+01
5.078139899999951012e+01 2.421032699999999949e+01
2.536986430999997538e+03 2.445188500000000076e+01
2.536964965999999549e+03 2.438302799999999948e+01
2.509060464000001957e+03 2.441177800000000175e+01
8.017927760000020498e+02 2.469479600000000019e+01
1.452929688000003807e+03 2.446150799999999848e+01
1.452949331000003440e+03 2.459376699999999971e+01
8.017774780000036117e+02 2.464955900000000000e+01
2.509040428000000247e+03 2.428132599999999996e+01
3.011701582000001508e+03 2.471416800000000080e+01
3.011687367999998969e+03 2.464217199999999863e+01
1.943696322000003420e+03 2.469706800000000158e+01
2.160992946999998821e+03 2.420527200000000079e+01
2.161007533000003605e+03 2.430412899999999965e+01
1.943721376000001328e+03 2.471662900000000107e+01
1.064008667000001878e+03 2.453849400000000003e+01
1.063995162999999593e+03 2.444501899999999850e+01
2.599793464000002132e+03 2.435652199999999823e+01
2.599810312000001431e+03 2.446674499999999952e+01
1.527752848000003723e+03 2.424315800000000110e+01
1.527730761999999231e+03 2.410631199999999907e+01
2.624807424999999057e+03 2.492468399999999917e+01
2.624788313000004564e+03 2.487171700000000030e+01
1.799019420000004175e+03 2.442014500000000155e+01
7.060064740000016172e+02 2.453591000000000122e+01
2.877057317999999213e+03 2.484560700000000111e+01
3.270133720000012545e+02 2.460532600000000159e+01
7.059828439999982947e+02 2.440549000000000035e+01
1.799035384000002523e+03 2.448453299999999899e+01
3.270269499999994878e+02 2.463148899999999841e+01
8.176849609999990207e+02 2.430796899999999994e+01
8.177004690000030678e+02 2.439649299999999954e+01
8.197215230000001611e+02 2.452249700000000132e+01
8.197394910000002710e+02 2.458893700000000138e+01
2.182982062000002770e+03 2.422694200000000109e+01
4.177797009999994771e+02 2.411545999999999879e+01
4.177998220000008587e+02 2.452394599999999869e+01
2.182995670000003884e+03 2.426766399999999990e+01
3.007740087999998650e+03 2.459998300000000171e+01
3.007755137000000104e+03 2.464982799999999941e+01
3.302871571000003314e+03 2.436163900000000027e+01
3.302890595999997458e+03 2.448020700000000005e+01
7.971873700000287499e+01 2.458223200000000119e+01
7.969822099999873899e+01 2.452304499999999976e+01
2.271699695000002976e+03 2.430632599999999854e+01
3.343769520000001648e+03 2.424120699999999928e+01
1.173731205000003683e+03 2.466378800000000027e+01
1.175697509999998147e+03 2.456732999999999834e+01
3.343779891999998654e+03 2.432025399999999848e+01
2.271717695999999705e+03 2.442320000000000135e+01
1.173711293000000296e+03 2.454398600000000030e+01
1.175718181000003824e+03 2.470422900000000155e+01
2.335738801999999851e+03 2.494142300000000034e+01
2.335725798999999824e+03 2.497073800000000077e+01
1.860923412000003736e+03 2.454036599999999879e+01
1.860948067999997875e+03 2.456515600000000177e+01
7.628906770000030519e+02 2.410177300000000145e+01
7.628703240000031656e+02 2.405220699999999923e+01
3.290454870000030496e+02 2.452461800000000025e+01
3.290306370000034804e+02 2.464626600000000067e+01
2.513056909999999334e+03 2.464619300000000024e+01
2.513043351000000257e+03 2.456051700000000082e+01
1.862889084000002185e+03 2.457754200000000111e+01
1.862871297999998205e+03 2.451939700000000144e+01
