3.296887722999999824e+03 2.252112500000000139e+01
3.296876371999998810e+03 2.246259099999999975e+01
7.040025289999975939e+02 2.242905400000000071e+01
7.040195170000006328e+02 2.248326799999999892e+01
2.657602476000000024e+03 2.176458900000000085e+01
2.657615638000002946e+03 2.180581499999999906e+01
2.656607971999997972e+03 2.199526200000000031e+01
3.090675903999996081e+03 2.242719900000000166e+01
3.090688480999997410e+03 2.236960399999999893e+01
1.139793422000002465e+03 2.278607999999999834e+01
1.139806475999997929e+03 2.283584899999999962e+01
1.166691988999999012e+03 2.275495199999999940e+01
1.166674381999997422e+03 2.265465199999999868e+01
1.818912041999996291e+03 2.284805000000000064e+01
1.818931709999997111e+03 2.298143800000000070e+01
8.180896899999788729e+01 2.228866899999999873e+01
8.182584800000040559e+01 2.226394799999999918e+01
2.976748935999996320e+03 2.185042100000000076e+01
2.976735843000002205e+03 2.179958500000000043e+01
2.140044271999999182e+03 2.164647499999999880e+01
2.159045363999997790e+03 2.200479699999999994e+01
2.588872554000001401e+03 2.240841999999999956e+01
2.588849400999999489e+03 2.234796100000000152e+01
3.039614459999997052e+03 2.213612499999999983e+01
1.520708480000001146e+03 2.258605899999999878e+01
1.520719300999997358e+03 2.264587999999999823e+01
4.378500560000029509e+02 2.253559500000000071e+01
3.469520409999968251e+02 2.245134099999999933e+01
3.272988864999999350e+03 2.267869699999999966e+01
3.273005051000000094e+03 2.271759199999999979e+01
4.378720370000010007e+02 2.247877300000000034e+01
3.469653639999960433e+02 2.242609300000000161e+01
1.259743893999999273e+03 2.209233499999999850e+01
3.298856563000001188e+03 2.219037300000000101e+01
9.116554469999973662e+02 2.191255100000000056e+01
3.298838042000003043e+03 2.209155399999999858e+01
1.045041456999999355e+03 2.187177900000000008e+01
3.246007353000000876e+03 2.261185899999999904e+01
2.175920709999998508e+03 2.194989800000000102e+01
2.175936556000000564e+03 2.205137799999999970e+01
3.245992269000002125e+03 2.252846399999999960e+01
1.404031190000001516e+03 2.181928800000000024e+01
1.416034712000000582e+03 2.198963799999999935e+01
3.478655514999998559e+03 2.188781099999999924e+01
8.757105389999996987e+02 2.235841900000000138e+01
8.757306349999998929e+02 2.230199899999999857e+01
2.205857686000003014e+03 2.196724400000000088e+01
2.204856208999997762e+03 2.186124999999999829e+01
1.771040067000001727e+03 2.228586999999999918e+01
2.204875625000000582e+03 2.195821099999999859e+01
2.205842314000001352e+03 2.188456400000000102e+01
3.300905299999998533e+03 2.220590599999999881e+01
3.300885507999999390e+03 2.213403699999999930e+01
2.296687030000000959e+03 2.237424199999999885e+01
2.296711117999999260e+03 2.238107899999999972e+01
1.877762931999997818e+03 2.248695899999999881e+01
1.877779626000003191e+03 2.255618199999999973e+01
2.296629435000002559e+03 2.235273700000000119e+01
1.791977203000002191e+03 2.247302600000000083e+01
1.791994762000002083e+03 2.261797800000000080e+01
2.296612943000000087e+03 2.188845799999999997e+01
3.439525419999990845e+02 2.285877500000000140e+01
3.439232269999993150e+02 2.245680199999999971e+01
1.168678314999997383e+03 2.207943799999999968e+01
1.168691812999997637e+03 2.215786599999999851e+01
2.679646455000001879e+03 2.206082400000000021e+01
2.679663241000002017e+03 2.205643500000000046e+01
2.205841867000002821e+03 2.188512400000000113e+01
2.205857236999996530e+03 2.196387199999999851e+01
1.443911634999996750e+03 2.210698899999999867e+01
1.443925189000001410e+03 2.218194499999999891e+01
1.792020187000001897e+03 2.280619099999999833e+01
1.792002426999999443e+03 2.268935799999999858e+01
1.168677868999999191e+03 2.208419400000000010e+01
1.168692260999996506e+03 2.216358999999999924e+01
1.046210040000005392e+02 2.267361800000000116e+01
3.359873456000001170e+03 2.234155200000000008e+01
1.046069019999995362e+02 2.202620200000000139e+01
3.359854721999996400e+03 2.235498700000000127e+01
3.479859470000010333e+02 2.260405799999999843e+01
3.244982666999996582e+03 2.231527699999999825e+01
3.245001014000001305e+03 2.241639500000000140e+01
2.505022365999997419e+03 2.220378699999999839e+01
2.505043760000000475e+03 2.178782100000000099e+01
3.480046089999959804e+02 2.267890399999999929e+01
2.966752646000000823e+03 2.252979799999999955e+01
2.966768964000002597e+03 2.263365699999999947e+01
3.350715834000002360e+03 2.297317100000000067e+01
3.350703744999998889e+03 2.289962799999999987e+01
2.917994168999997783e+03 2.215800899999999984e+01
2.918013947999999800e+03 2.219089100000000059e+01
2.289604193999999552e+03 2.198128900000000030e+01
2.289623348000000988e+03 2.247938500000000062e+01
7.848251279999967664e+02 2.230003100000000060e+01
7.848048049999997602e+02 2.223853199999999930e+01
7.848324690000008559e+02 2.232035700000000134e+01
7.848588149999995949e+02 2.238807699999999912e+01
7.867370050000026822e+02 2.217604199999999892e+01
7.867813850000020466e+02 2.236570899999999895e+01
7.868006569999997737e+02 2.242432900000000018e+01
7.867235300000029383e+02 2.210114799999999846e+01
1.465882413999999699e+03 2.269373500000000021e+01
1.465864277000000584e+03 2.258291799999999938e+01
3.416742635000002338e+03 2.242988400000000127e+01
1.464956653000001097e+03 2.303962999999999894e+01
1.464937317999996594e+03 2.295300500000000099e+01
3.416766298000002280e+03 2.236665899999999851e+01
1.050028912000001583e+03 2.166375899999999888e+01
1.050042379999998957e+03 2.170044800000000151e+01
2.585862046000002010e+03 2.264526400000000095e+01
1.933612395999996806e+03 2.211513000000000062e+01
2.153050633999999263e+03 2.224229700000000065e+01
2.585881344000001263e+03 2.274066799999999944e+01
1.933625897999998415e+03 2.289239099999999993e+01
3.266951596999999310e+03 2.276002599999999987e+01
3.035660422000000835e+03 2.297671100000000166e+01
3.035676585000001069e+03 2.296569399999999916e+01
6.750309809999962454e+02 2.173230300000000170e+01
3.266934820000002219e+03 2.250511900000000054e+01
4.317428989999971236e+02 2.265256400000000170e+01
4.586356139999988955e+02 2.275815899999999914e+01
4.586510199999975157e+02 2.281191199999999952e+01
4.317604280000014114e+02 2.267761499999999941e+01
4.317679629999984172e+02 2.257364499999999907e+01
4.317829019999990123e+02 2.243025199999999941e+01
2.679645092999999179e+03 2.207111099999999837e+01
2.679664182000000437e+03 2.206467999999999918e+01
2.881046127000001434e+03 2.226940400000000153e+01
2.890967566999999690e+03 2.225807700000000011e+01
2.890981819000000542e+03 2.233026299999999864e+01
2.675635168000000704e+03 2.228340899999999891e+01
2.675651380000002973e+03 2.231286499999999862e+01
1.798032683999997971e+03 2.238939299999999832e+01
1.798045400000002701e+03 2.199260900000000163e+01
9.960066799999913201e+01 2.177103599999999872e+01
9.961411999999836553e+01 2.185402799999999957e+01
2.321629195000001346e+03 2.201324100000000072e+01
2.321634185000002617e+03 2.226330199999999948e+01
2.321651233999997203e+03 2.227874299999999863e+01
2.321615532999996503e+03 2.199832200000000171e+01
8.198490190000011353e+02 2.196190800000000110e+01
8.198662029999977676e+02 2.193838600000000127e+01
1.875753132999998343e+03 2.265480499999999964e+01
1.875767377999996825e+03 2.273160199999999875e+01
3.429469709999975748e+02 2.245040499999999994e+01
2.884039092999999411e+03 2.228120399999999890e+01
2.296686580000001413e+03 2.234655199999999908e+01
1.416034264000001713e+03 2.196131700000000109e+01
2.717641574000001128e+03 2.220052799999999849e+01
2.501030686999998579e+03 2.218748899999999935e+01
2.296710667999999714e+03 2.235990599999999873e+01
3.439593660000027739e+02 2.275696599999999847e+01
3.439344419999979436e+02 2.255897999999999826e+01
2.296613390999998956e+03 2.186433800000000005e+01
2.296628986999996414e+03 2.231011300000000119e+01
2.692616100000304868e+01 2.260283899999999946e+01
2.694503799999802141e+01 2.245955999999999975e+01
2.699735499999951571e+01 2.259775499999999937e+01
2.702313500000309432e+01 2.251232900000000114e+01
2.682834700000239536e+01 2.213455799999999840e+01
2.684285000000090804e+01 2.224448299999999890e+01
1.558699536000000080e+03 2.216133900000000168e+01
3.051625645000000077e+03 2.188392699999999991e+01
1.558607597000001988e+03 2.173667000000000016e+01
1.558623902999999700e+03 2.203333800000000053e+01
1.558635604000002786e+03 2.205305800000000005e+01
1.558722304000002623e+03 2.218844999999999956e+01
1.558648627000002307e+03 2.207531799999999933e+01
0.000000000000000000e+00 2.277781299999999831e+01
2.431000000069616362e-02 2.269021100000000146e+01
2.587873461000002862e+03 2.273517299999999963e+01
1.503001728999995976e+03 2.242226900000000001e+01
2.587855061000002024e+03 2.267396099999999848e+01
1.503023614999998244e+03 2.235953100000000049e+01
2.588849849999998696e+03 2.234413999999999945e+01
3.039614010999997845e+03 2.211659799999999976e+01
1.520717508000001544e+03 2.258226300000000109e+01
1.520728434999997262e+03 2.264467700000000150e+01
1.520735785999997461e+03 2.268379499999999993e+01
1.520747437999998510e+03 2.274134400000000156e+01
2.588873905000000377e+03 2.241599599999999981e+01
2.881041641999996500e+03 2.226133199999999945e+01
2.653614562000002479e+03 2.159723999999999933e+01
1.798018726000002061e+03 2.235386000000000095e+01
1.798031786999999895e+03 2.239346400000000159e+01
1.136786575999998604e+03 2.276944599999999852e+01
1.136812685999997484e+03 2.292333999999999961e+01
3.424621980999996595e+03 2.212196799999999897e+01
8.206690450000023702e+02 2.218381099999999861e+01
3.424635580000001937e+03 2.331655900000000159e+01
8.206523240000024089e+02 2.215470099999999931e+01
1.876743584999996528e+03 2.209235800000000083e+01
1.876762380000000121e+03 2.219389200000000173e+01
8.376082459999961429e+02 2.168359799999999993e+01
2.140042477000002691e+03 2.161278700000000086e+01
