0.000000000000000000e+00 2.351475999999999900e+01
1.960700000199722126e-02 2.372318699999999936e+01
2.295801999999821419e+01 2.330316099999999935e+01
2.297169299999950454e+01 2.351191499999999834e+01
2.816712199999892619e+01 2.152551400000000115e+01
3.993309500000032131e+01 2.288511899999999955e+01
3.995257100000162609e+01 2.301106000000000051e+01
4.092113600000448059e+01 2.273242700000000127e+01
4.093880399999761721e+01 2.280049999999999955e+01
4.307852300000376999e+01 2.152236800000000017e+01
4.308212199999979930e+01 2.148288700000000162e+01
4.412146999999822583e+01 2.155674000000000134e+01
5.201176700000360142e+01 2.407890400000000142e+01
5.900063999999838416e+01 2.412283499999999847e+01
6.003583300000173040e+01 2.284811200000000042e+01
6.683086100000218721e+01 2.114617099999999894e+01
6.684168099999806145e+01 2.130897600000000125e+01
6.783309300000109943e+01 2.249663400000000024e+01
6.784915700000419747e+01 2.256048200000000037e+01
6.887252299999818206e+01 2.181738100000000102e+01
6.984827100000256905e+01 2.178950100000000134e+01
6.984871800000109943e+01 2.181602099999999922e+01
6.989027799999894341e+01 2.257537100000000052e+01
6.990632700000423938e+01 2.255126900000000134e+01
7.088251200000377139e+01 2.182753900000000158e+01
7.683327599999756785e+01 2.311653400000000147e+01
7.889061100000253646e+01 2.426852399999999932e+01
7.890614600000117207e+01 2.436337599999999881e+01
7.989260800000192830e+01 2.487600600000000028e+01
8.080991899999935413e+01 2.432824899999999957e+01
8.082622200000332668e+01 2.444057000000000102e+01
8.180593700000463286e+01 2.401905000000000001e+01
8.182043500000145286e+01 2.423930800000000119e+01
8.284796199999982491e+01 2.453437100000000015e+01
8.286852300000464311e+01 2.451406199999999913e+01
8.786361900000338210e+01 2.362062399999999940e+01
8.878207100000145147e+01 2.319638799999999890e+01
9.077643499999976484e+01 2.348314799999999991e+01
9.077973999999812804e+01 2.350871799999999823e+01
9.079186399999889545e+01 2.376358000000000104e+01
9.079598899999837158e+01 2.391270099999999843e+01
9.277641500000027008e+01 2.322679099999999863e+01
9.279713300000003073e+01 2.342395399999999839e+01
9.681748099999822443e+01 2.235154700000000005e+01
9.683641699999861885e+01 2.272477299999999900e+01
9.777819599999929778e+01 2.248713300000000004e+01
9.779396200000337558e+01 2.254914199999999980e+01
1.068440869999976712e+02 2.436055400000000049e+01
1.097402470000015455e+02 2.348737300000000161e+01
1.097526849999994738e+02 2.363375699999999924e+01
1.117337729999999283e+02 2.470283500000000032e+01
1.117342229999994743e+02 2.466060299999999827e+01
1.117488000000012107e+02 2.465564399999999878e+01
1.117497060000023339e+02 2.461992700000000056e+01
1.167134080000032554e+02 2.176964600000000161e+01
1.167309870000026422e+02 2.294157999999999831e+01
1.167929760000042734e+02 2.347358799999999945e+01
1.168172209999975166e+02 2.346197099999999836e+01
1.197240400000009686e+02 2.168487400000000065e+01
1.197513489999982994e+02 2.386068500000000014e+01
1.197710779999979422e+02 2.379786999999999964e+01
1.198141099999993457e+02 2.383585599999999971e+01
1.198381480000025476e+02 2.409329800000000077e+01
1.207340489999987767e+02 2.326053900000000141e+01
1.247427920000045560e+02 2.172555600000000098e+01
1.308522200000006706e+02 2.171977400000000102e+01
1.308526689999998780e+02 2.175044600000000017e+01
1.308777939999999944e+02 2.166512900000000030e+01
1.308786909999980708e+02 2.161876499999999979e+01
1.308822819999986677e+02 2.162115700000000018e+01
1.317320249999975204e+02 2.164444400000000002e+01
1.317369660000040312e+02 2.170581999999999923e+01
1.337559719999990193e+02 2.295953099999999836e+01
1.337702239999998710e+02 2.298734599999999872e+01
1.338309389999994892e+02 2.256309800000000010e+01
1.338364199999996345e+02 2.254721800000000087e+01
1.338490519999977550e+02 2.243063700000000082e+01
1.338499690000026021e+02 2.246748399999999890e+01
1.467975839999999152e+02 2.280333600000000160e+01
1.468096540000042296e+02 2.275190699999999921e+01
3.161394890000010491e+02 2.191935399999999845e+01
3.221331150000041816e+02 2.455075300000000027e+01
3.221521720000018831e+02 2.233474599999999910e+01
3.270992410000035306e+02 2.360057700000000125e+01
3.271158720000021276e+02 2.369588600000000156e+01
3.271244660000011208e+02 2.361271800000000098e+01
3.271337580000035814e+02 2.378414799999999829e+01
3.271364499999981490e+02 2.369500700000000037e+01
3.281505550000001676e+02 2.207419300000000106e+01
3.290991570000041975e+02 2.415776899999999827e+01
3.291040750000029220e+02 2.397616400000000070e+01
3.291108480000038981e+02 2.421296800000000005e+01
3.291213140000036219e+02 2.416836800000000096e+01
3.291530290000009700e+02 2.228453400000000073e+01
3.291534790000005160e+02 2.226268800000000070e+01
3.311350559999991674e+02 2.436081499999999878e+01
3.331232319999980973e+02 2.381635700000000000e+01
3.331346820000035223e+02 2.394209299999999985e+01
3.331374280000018189e+02 2.395833999999999975e+01
3.331535609999991721e+02 2.179237200000000030e+01
3.350996339999983320e+02 2.347126700000000099e+01
3.351105380000008154e+02 2.354297800000000151e+01
3.351487720000004629e+02 2.167665999999999826e+01
3.351519340000013472e+02 2.168919299999999950e+01
3.361557170000014594e+02 2.120562699999999978e+01
3.361566339999990305e+02 2.121547299999999936e+01
3.371230619999987539e+02 2.370084599999999853e+01
3.371416440000029979e+02 2.168578199999999967e+01
3.380841169999985141e+02 2.261165400000000147e+01
3.380964720000047237e+02 2.252820300000000131e+01
3.381554079999987152e+02 2.214517999999999986e+01
3.510570660000012140e+02 2.298606399999999894e+01
3.510786910000024363e+02 2.332693799999999840e+01
3.510795890000008512e+02 2.332236800000000088e+01
3.550677320000031614e+02 2.380180400000000063e+01
3.550827740000022459e+02 2.373708200000000090e+01
3.580074539999986882e+02 2.450060300000000169e+01
3.580264420000021346e+02 2.450429499999999905e+01
3.580343350000039209e+02 2.444751600000000025e+01
3.580514889999976731e+02 2.453311000000000064e+01
3.659842980000030366e+02 2.150549499999999981e+01
3.659951450000007753e+02 2.157603999999999900e+01
3.659996140000002924e+02 2.161532800000000165e+01
3.660000619999991613e+02 2.161583500000000058e+01
3.660202750000025844e+02 2.159067599999999842e+01
3.660395869999993010e+02 2.135399999999999920e+01
3.670357040000017150e+02 2.169796499999999995e+01
3.720922810000047321e+02 2.216023200000000060e+01
3.721059850000019651e+02 2.236775099999999838e+01
3.819627420000033453e+02 2.405407699999999949e+01
3.819645660000023781e+02 2.406629699999999872e+01
3.819782850000046892e+02 2.425026599999999988e+01
3.819800979999999981e+02 2.425293900000000136e+01
3.839697420000011334e+02 2.321930000000000049e+01
3.839710879999984172e+02 2.316953600000000080e+01
3.949331870000023628e+02 2.129522100000000151e+01
3.949483059999984107e+02 2.143652600000000064e+01
3.979206269999995129e+02 2.137882000000000104e+01
4.039795620000004419e+02 2.306151300000000148e+01
4.039926009999981034e+02 2.291050299999999851e+01
4.040132210000010673e+02 2.305115400000000037e+01
4.040254849999982980e+02 2.310945999999999856e+01
4.040405240000036429e+02 2.301152899999999946e+01
4.040568180000045686e+02 2.291917400000000171e+01
4.040818799999979092e+02 2.315507500000000007e+01
4.040981480000045849e+02 2.309452100000000030e+01
4.109171820000046864e+02 2.346605200000000124e+01
4.158541350000014063e+02 2.305621400000000065e+01
4.158623650000008638e+02 2.302633000000000152e+01
4.169078630000003614e+02 2.466441500000000175e+01
4.169286599999977625e+02 2.467823200000000128e+01
4.179285969999982626e+02 2.413079000000000107e+01
4.179470980000041891e+02 2.443738600000000005e+01
4.189427930000019842e+02 2.421789100000000161e+01
4.189659289999981411e+02 2.449079599999999957e+01
4.209232730000003357e+02 2.440117300000000000e+01
4.209365899999975227e+02 2.440483499999999850e+01
4.238406529999992927e+02 2.160565799999999825e+01
4.238473660000017844e+02 2.162512999999999863e+01
4.358614589999997406e+02 2.456229700000000093e+01
4.368312750000040978e+02 2.432359500000000097e+01
4.368414400000037858e+02 2.446687899999999871e+01
4.517774810000046273e+02 2.277968699999999913e+01
4.517914640000017243e+02 2.288807600000000164e+01
4.527611400000023423e+02 2.236644899999999936e+01
4.527812029999986407e+02 2.259203799999999873e+01
4.587402470000015455e+02 2.144831800000000044e+01
4.638592819999976200e+02 2.393762699999999910e+01
4.638830589999997756e+02 2.367742600000000053e+01
4.668140770000027260e+02 2.450715900000000147e+01
4.668346930000043358e+02 2.423765200000000064e+01
4.698324040000006789e+02 2.288975299999999891e+01
4.717134420000002137e+02 2.184255500000000083e+01
4.777170909999986179e+02 2.192957600000000085e+01
4.777279580000031274e+02 2.200544599999999917e+01
4.797277130000002217e+02 2.153989100000000079e+01
4.807173889999976382e+02 2.195095999999999847e+01
4.807309509999977308e+02 2.275084700000000026e+01
4.857145260000033886e+02 2.159043000000000134e+01
4.857252950000038254e+02 2.167851599999999834e+01
4.857261930000022403e+02 2.168828999999999851e+01
4.857384010000023409e+02 2.174042999999999992e+01
4.857402000000001863e+02 2.179388300000000100e+01
4.857759960000039428e+02 2.176080699999999979e+01
5.148100340000019060e+02 2.226329899999999995e+01
5.148217710000026273e+02 2.220882999999999896e+01
6.851289420000030077e+02 2.436587099999999850e+01
6.901417579999979353e+02 2.219316200000000094e+01
6.901557109999994282e+02 2.222412699999999930e+01
6.971394430000000284e+02 2.250630599999999859e+01
6.971585510000004433e+02 2.203036399999999873e+01
7.051338180000020657e+02 2.465807699999999869e+01
7.070984220000027562e+02 2.297458599999999862e+01
7.140554390000033891e+02 2.437556700000000021e+01
7.140685999999986961e+02 2.444295199999999824e+01
7.181007170000011683e+02 2.383033299999999954e+01
7.181193770000027143e+02 2.386237200000000058e+01
7.220193320000034873e+02 2.219608099999999951e+01
7.220423880000016652e+02 2.234363799999999856e+01
7.270620459999990999e+02 2.159111300000000000e+01
7.271379959999976563e+02 2.164377999999999957e+01
7.329959200000012061e+02 2.358290300000000173e+01
7.330099140000020270e+02 2.364539699999999911e+01
7.330794959999984712e+02 2.378622100000000117e+01
7.331065210000015213e+02 2.379292099999999976e+01
7.380191290000002482e+02 2.304650399999999877e+01
7.539352829999988899e+02 2.176022299999999987e+01
7.539357309999977588e+02 2.176341899999999896e+01
7.539540730000007898e+02 2.183316699999999955e+01
7.550026310000030207e+02 2.215257400000000132e+01
7.550210330000045360e+02 2.217097599999999957e+01
7.550264390000011190e+02 2.216545199999999838e+01
7.550397329999977956e+02 2.216976800000000125e+01
7.629127569999982370e+02 2.397260100000000094e+01
7.629282329999987269e+02 2.406034500000000165e+01
7.649583480000001146e+02 2.436819099999999949e+01
7.649836100000029546e+02 2.442457399999999978e+01
7.649935089999999036e+02 2.443876600000000110e+01
7.650168770000018412e+02 2.445546799999999976e+01
7.659060929999977816e+02 2.340295300000000012e+01
7.659276360000003478e+02 2.350804799999999872e+01
7.669575049999984913e+02 2.450773600000000130e+01
7.669767500000016298e+02 2.454527600000000120e+01
7.679681249999994179e+02 2.368500200000000078e+01
7.679754489999977523e+02 2.370912900000000079e+01
7.679901220000028843e+02 2.371401699999999835e+01
7.679969459999992978e+02 2.373435599999999823e+01
7.688996229999975185e+02 2.323065199999999919e+01
7.689000720000040019e+02 2.323081900000000033e+01
7.689178900000042631e+02 2.331962299999999999e+01
7.689183420000044862e+02 2.331693699999999936e+01
7.698930890000046929e+02 2.289540099999999967e+01
7.699042960000006133e+02 2.297096600000000066e+01
7.709316689999977825e+02 2.375209100000000007e+01
7.709448499999998603e+02 2.378914100000000076e+01
7.719395770000046468e+02 2.431148500000000112e+01
7.719758839999994962e+02 2.437746100000000027e+01
7.768674910000045202e+02 2.129405099999999962e+01
7.788997700000036275e+02 2.142824999999999847e+01
7.809302280000047176e+02 2.219975300000000118e+01
7.809543420000045444e+02 2.223545199999999866e+01
7.878291749999989406e+02 2.347304700000000111e+01
7.878459010000005946e+02 2.353331500000000176e+01
7.890486500000042724e+02 2.322899400000000014e+01
7.890504399999990710e+02 2.323775799999999947e+01
7.890614470000000438e+02 2.316754600000000153e+01
7.890687160000015865e+02 2.314264100000000113e+01
7.908408689999996568e+02 2.393192399999999864e+01
7.908643779999983963e+02 2.404317299999999946e+01
7.948771370000031311e+02 2.323603900000000166e+01
7.958429099999993923e+02 2.291625600000000063e+01
7.958438070000047446e+02 2.291547100000000015e+01
7.998043039999975008e+02 2.438109700000000046e+01
7.998047510000033071e+02 2.438508699999999862e+01
7.998257799999992130e+02 2.450709499999999963e+01
7.998262299999987590e+02 2.451337799999999945e+01
8.018650150000030408e+02 2.422183700000000073e+01
8.018777210000043851e+02 2.424744600000000005e+01
8.028218710000001010e+02 2.421688299999999927e+01
8.028356300000014016e+02 2.428511299999999906e+01
8.067887820000032661e+02 2.149865600000000043e+01
8.067941639999990002e+02 2.152260300000000015e+01
8.078349630000011530e+02 2.327303200000000061e+01
8.078484739999985322e+02 2.331232500000000130e+01
8.079286639999991166e+02 2.338893099999999947e+01
8.079453849999990780e+02 2.337529500000000127e+01
8.159832000000023982e+02 2.322906000000000049e+01
8.237335240000029444e+02 2.403527100000000161e+01
8.237458919999990030e+02 2.411291100000000043e+01
8.267385379999977886e+02 2.342251600000000167e+01
8.267589989999978570e+02 2.352417399999999859e+01
8.277565370000011171e+02 2.341880300000000048e+01
8.367877040000021225e+02 2.179643400000000142e+01
8.418019060000005993e+02 2.188017899999999827e+01
8.418037180000028457e+02 2.188068099999999916e+01
8.418154140000042389e+02 2.188151799999999980e+01
8.418555419999975129e+02 2.185253000000000156e+01
8.517206660000010743e+02 2.185566299999999984e+01
8.527306010000029346e+02 2.200620299999999929e+01
8.557869940000018687e+02 2.459595699999999852e+01
8.558049350000001141e+02 2.457917300000000083e+01
8.617221050000007381e+02 2.229922200000000032e+01
8.687499370000005001e+02 2.226810499999999848e+01
8.687626060000038706e+02 2.225514000000000081e+01
8.687775929999988875e+02 2.223154999999999859e+01
8.687923989999981131e+02 2.219904899999999870e+01
8.697703180000025895e+02 2.175296000000000163e+01
8.698206490000011399e+02 2.165516799999999975e+01
8.817695989999992889e+02 2.506316100000000091e+01
8.817880159999986063e+02 2.499543699999999902e+01
8.977572819999986677e+02 2.126987700000000103e+01
1.049126758999998856e+03 2.201503999999999905e+01
1.049142952000001969e+03 2.175789199999999823e+01
1.052099645000002056e+03 2.256174899999999894e+01
1.052123671000001195e+03 2.270682499999999848e+01
1.062156592999999702e+03 2.159716500000000039e+01
1.065081615000002785e+03 2.328351800000000082e+01
1.065095216000001528e+03 2.335786399999999929e+01
1.065121606000000611e+03 2.347003700000000137e+01
1.065133651000003738e+03 2.350887799999999928e+01
1.072104343999999401e+03 2.436945599999999956e+01
1.072120037000000593e+03 2.441793600000000097e+01
1.072143643000003067e+03 2.241199399999999997e+01
1.073058484000001044e+03 2.351981699999999975e+01
1.073077917000002344e+03 2.362404700000000091e+01
1.074055129000000306e+03 2.170471799999999973e+01
1.076104159000002255e+03 2.196327799999999897e+01
1.080050400000000081e+03 2.250914799999999971e+01
1.080064066999999341e+03 2.258049000000000106e+01
1.080073963000002550e+03 2.262558800000000048e+01
1.080086394999998447e+03 2.267512599999999878e+01
1.095004684999999881e+03 2.422839899999999957e+01
1.095030677000002470e+03 2.435495299999999830e+01
1.096017705999998725e+03 2.355477499999999935e+01
1.096035163000000466e+03 2.361779100000000042e+01
1.097022225000000617e+03 2.438327100000000058e+01
1.097022672999999486e+03 2.434692899999999938e+01
1.097033559000003152e+03 2.442236099999999865e+01
1.101981896999997844e+03 2.318094599999999872e+01
1.102001036000001477e+03 2.333962800000000115e+01
1.117950605999998515e+03 2.333575700000000097e+01
1.117962826000002678e+03 2.339257699999999929e+01
1.117977253999997629e+03 2.344877800000000079e+01
1.117989486999998917e+03 2.348788899999999913e+01
1.120134700000002340e+03 2.303751899999999964e+01
1.120960792999998375e+03 2.320199300000000164e+01
1.120967074000000139e+03 2.323237299999999905e+01
1.121925422000000253e+03 2.314391000000000176e+01
1.123978773000002548e+03 2.408443799999999868e+01
1.123999077000000398e+03 2.412887999999999877e+01
1.129895001000004413e+03 2.261447400000000130e+01
1.129920407999998133e+03 2.280641699999999972e+01
1.146061129000001529e+03 2.435852099999999965e+01
1.146911409000000276e+03 2.434850899999999996e+01
1.148889258000002883e+03 2.326390800000000070e+01
1.149889741999999387e+03 2.362094799999999850e+01
1.149906804999998712e+03 2.367363599999999835e+01
1.150962827000003017e+03 2.489887399999999928e+01
1.150978655999999319e+03 2.489519800000000060e+01
1.151905555999997887e+03 2.448860300000000123e+01
1.152893018000002485e+03 2.438964500000000157e+01
1.152906924000002618e+03 2.443070200000000014e+01
1.153898250999998709e+03 2.405529900000000154e+01
1.153909036000004562e+03 2.408366600000000091e+01
1.154854242000001250e+03 2.419999599999999873e+01
1.154876250000001164e+03 2.428912599999999955e+01
1.154876696999999695e+03 2.425568099999999916e+01
1.154897421000001486e+03 2.432495300000000071e+01
1.155834510000000591e+03 2.345361499999999921e+01
1.155852033000002848e+03 2.348360399999999970e+01
1.157831835000004503e+03 2.266734100000000041e+01
1.157855659000000742e+03 2.279838000000000164e+01
1.159811413000003085e+03 2.265320600000000084e+01
1.159824928000001819e+03 2.273923900000000131e+01
1.160831526000001759e+03 2.153204399999999907e+01
1.160923362000001362e+03 2.170853200000000172e+01
1.163905611000001954e+03 2.235452499999999887e+01
1.163917661999999837e+03 2.236754600000000082e+01
1.169960268000002543e+03 2.181632700000000114e+01
1.169969709999997576e+03 2.179918100000000081e+01
1.169975094000001263e+03 2.178793699999999944e+01
1.170005632000000332e+03 2.170172099999999915e+01
1.170010106000001542e+03 2.168550700000000120e+01
1.170996943999998621e+03 2.310437699999999950e+01
1.171797735000000102e+03 2.417206399999999888e+01
1.171815958999999566e+03 2.427730000000000032e+01
1.172807122999998683e+03 2.460220800000000096e+01
1.172824206999997841e+03 2.468655000000000044e+01
1.173793292000002111e+03 2.434411000000000058e+01
1.173807981999998447e+03 2.442301399999999845e+01
1.175814095000001544e+03 2.402884699999999896e+01
1.175815888000004634e+03 2.404169999999999874e+01
1.175828071000003547e+03 2.407522600000000068e+01
1.175828970000002300e+03 2.408599500000000049e+01
1.176775518000002194e+03 2.404604300000000094e+01
1.176775965000000724e+03 2.405005799999999994e+01
1.176789984000002733e+03 2.412491199999999836e+01
1.176790434000002278e+03 2.413038999999999845e+01
1.176806471000003512e+03 2.420375800000000055e+01
1.176820394000002125e+03 2.425553700000000035e+01
1.183785317000001669e+03 2.293721199999999882e+01
1.183787558000003628e+03 2.289166799999999924e+01
1.183793841999999131e+03 2.298282499999999828e+01
1.189736856000003172e+03 2.141450299999999984e+01
1.189737303000001702e+03 2.141732500000000172e+01
1.201714181000003009e+03 2.138995399999999947e+01
1.207713320000002568e+03 2.144813600000000164e+01
1.207717353000000003e+03 2.142629799999999918e+01
1.207718249999998079e+03 2.142947500000000005e+01
1.209713651999998547e+03 2.149082999999999899e+01
1.209743246999998519e+03 2.372700899999999891e+01
1.209743696999998065e+03 2.369272600000000040e+01
1.209761994000000414e+03 2.376870200000000111e+01
1.209762443999999959e+03 2.373922900000000169e+01
1.214717927999998210e+03 2.167468999999999824e+01
1.214724195000002510e+03 2.169441000000000130e+01
1.214725094000001263e+03 2.169019000000000119e+01
1.217716516000000411e+03 2.187917900000000060e+01
1.217733228999997664e+03 2.280305699999999902e+01
1.224749391999997897e+03 2.157408399999999915e+01
1.224754806999997527e+03 2.157594200000000129e+01
1.224773119999998016e+03 2.157566200000000123e+01
1.244814349000000220e+03 2.433309200000000061e+01
1.244836634999999660e+03 2.419735800000000125e+01
1.418126127000003180e+03 2.472500600000000048e+01
1.418131121999998868e+03 2.475526400000000038e+01
1.419121270000003278e+03 2.473909300000000044e+01
1.420138874000003852e+03 2.107502399999999909e+01
1.422101404000000912e+03 2.444312599999999946e+01
1.422101850999999442e+03 2.444689999999999941e+01
1.422123533999998472e+03 2.456136300000000006e+01
1.422123984999998356e+03 2.456783499999999876e+01
1.423103180999998585e+03 2.416255100000000056e+01
1.423119281999999657e+03 2.424718899999999877e+01
1.424151966999997967e+03 2.196138699999999844e+01
1.427142534999999043e+03 2.178004900000000177e+01
1.437151527000001806e+03 2.216742199999999841e+01
1.445076203000004170e+03 2.279845399999999955e+01
1.445131917999999132e+03 2.340840400000000088e+01
1.445147575000002689e+03 2.135927200000000070e+01
1.449058716999999888e+03 2.429394500000000079e+01
1.449077174999998533e+03 2.436377900000000096e+01
1.449077632000000449e+03 2.437425100000000100e+01
1.449093473000000813e+03 2.442161600000000021e+01
1.456070414000001620e+03 2.370516999999999896e+01
1.456088136999998824e+03 2.374369899999999944e+01
1.457004241000002366e+03 2.178250600000000148e+01
1.457028009000001475e+03 2.188186400000000020e+01
1.457050790000001143e+03 2.363484300000000005e+01
1.457067413000004308e+03 2.398411899999999974e+01
1.458006384000000253e+03 2.256318699999999922e+01
1.458023364000000583e+03 2.269648099999999857e+01
1.458032910000001721e+03 2.276771700000000109e+01
1.458051715000001423e+03 2.289055400000000162e+01
1.460074116000003414e+03 2.262529800000000080e+01
1.460087929000001168e+03 2.267692999999999870e+01
1.492039705000002868e+03 2.189042600000000149e+01
1.492058407000004081e+03 2.188192799999999849e+01
1.501991878000000725e+03 2.454431299999999894e+01
1.502012163999999757e+03 2.452968999999999866e+01
1.502931614000000991e+03 2.394925999999999888e+01
1.502951674000003550e+03 2.400235500000000144e+01
1.504896510999999009e+03 2.324281099999999967e+01
1.504912692999998399e+03 2.333142300000000091e+01
1.505900373000004038e+03 2.319933999999999941e+01
1.508889983000000939e+03 2.392891799999999947e+01
1.508905396000001929e+03 2.399180000000000135e+01
1.512969352000000072e+03 2.356778200000000112e+01
1.512995947000003071e+03 2.356554200000000066e+01
1.513860387000000628e+03 2.265583499999999972e+01
1.513875426999999036e+03 2.274039199999999994e+01
1.514878886999998940e+03 2.155018000000000100e+01
1.524991169000000809e+03 2.157292400000000043e+01
1.524995655999999144e+03 2.156558800000000176e+01
1.525011376000002201e+03 2.153426800000000085e+01
1.525020372999999381e+03 2.151215900000000047e+01
1.525028532000003906e+03 2.148926600000000064e+01
1.525032130999999936e+03 2.147826200000000085e+01
1.527828493000000890e+03 2.385988000000000042e+01
1.527844613000001118e+03 2.393438799999999844e+01
1.531927184000000125e+03 2.367819799999999830e+01
1.531951566000003368e+03 2.366098200000000062e+01
1.533821239999997488e+03 2.359898099999999843e+01
1.533834977999998955e+03 2.365494599999999892e+01
1.538821984000001976e+03 2.414114400000000060e+01
1.538835489999997662e+03 2.420070099999999869e+01
1.539834415999997873e+03 2.469865700000000075e+01
1.539849434000003384e+03 2.476150900000000021e+01
1.541861822999999276e+03 2.452100300000000033e+01
1.541885364000001573e+03 2.456679600000000008e+01
1.543760874999999942e+03 2.256520599999999988e+01
1.543776879000004556e+03 2.265345299999999895e+01
1.544792629000003217e+03 2.236587700000000112e+01
1.544808730000004289e+03 2.243031799999999976e+01
1.544820671000001312e+03 2.246965600000000052e+01
1.544832030999998096e+03 2.250087600000000165e+01
1.551903811000003770e+03 2.195912799999999976e+01
1.551915612000004330e+03 2.194508199999999931e+01
1.551935746000002837e+03 2.191332500000000039e+01
1.551950924000004306e+03 2.188102200000000153e+01
1.555778880999998364e+03 2.382631399999999999e+01
1.555779329000004509e+03 2.379626899999999878e+01
1.555797608000000764e+03 2.387484999999999857e+01
1.555798515000002226e+03 2.385368000000000066e+01
1.555918383000003814e+03 2.357061399999999907e+01
1.555933436999999685e+03 2.349361599999999939e+01
1.557799851000003400e+03 2.339994000000000085e+01
1.557810457999999926e+03 2.342090599999999867e+01
1.567750155000001541e+03 2.326453100000000163e+01
1.567751948999997694e+03 2.327787800000000118e+01
1.579712006000001566e+03 2.138792899999999975e+01
1.579720971000002464e+03 2.141003699999999910e+01
1.580726753000002645e+03 2.182258099999999956e+01
1.580747423000000708e+03 2.213792099999999863e+01
1.581786126999999397e+03 2.186234200000000172e+01
1.581847582000002149e+03 2.180331599999999881e+01
1.596767734000000928e+03 2.385963699999999932e+01
1.596783311999999569e+03 2.384530499999999975e+01
1.607728223999998590e+03 2.137796399999999863e+01
1.607734068999998271e+03 2.137584599999999924e+01
1.607734965000003285e+03 2.137542600000000093e+01
1.607743066000002727e+03 2.137048400000000115e+01
1.607743963000000804e+03 2.136980799999999903e+01
1.607800609999998414e+03 2.141958899999999844e+01
1.608818966999999247e+03 2.216200800000000015e+01
1.608838620000002265e+03 2.204082000000000008e+01
1.774137324000002991e+03 2.138988099999999903e+01
1.789105862000003981e+03 2.161591999999999913e+01
1.790151578000004520e+03 2.181188699999999869e+01
1.792140099000003829e+03 2.162849699999999942e+01
1.792140995000001567e+03 2.163052300000000017e+01
1.798082718999998178e+03 2.429172700000000162e+01
1.798100963000004413e+03 2.438059000000000154e+01
1.798109963000002608e+03 2.441755099999999956e+01
1.798131210999999894e+03 2.448804200000000009e+01
1.799116398999998637e+03 2.322414300000000154e+01
1.800094173999998020e+03 2.300789100000000076e+01
1.801054945000003499e+03 2.413280999999999921e+01
1.801078338999999687e+03 2.428674399999999878e+01
1.812049317999997584e+03 2.289852000000000132e+01
1.812060788000002503e+03 2.360687400000000125e+01
1.812076054000004660e+03 2.363130100000000056e+01
1.812081519999999728e+03 2.378560600000000136e+01
1.812092383000002883e+03 2.386796299999999960e+01
1.812117302999999083e+03 2.391842199999999963e+01
1.812136002999999619e+03 2.393799900000000136e+01
1.813044845000003988e+03 2.251286100000000090e+01
1.813063441999998759e+03 2.266611999999999938e+01
1.813073535000003176e+03 2.273495499999999936e+01
1.813092501999999513e+03 2.289238599999999835e+01
1.814075743000001239e+03 2.147559899999999899e+01
1.815070275999998557e+03 2.165297999999999945e+01
1.828039551000001666e+03 2.343243100000000112e+01
1.828060362000003806e+03 2.353830299999999909e+01
1.829989992000002530e+03 2.392868999999999957e+01
1.830011644999998680e+03 2.403746299999999891e+01
1.830990987000004679e+03 2.301461700000000121e+01
1.832977413000000524e+03 2.437104700000000079e+01
1.832997220999997808e+03 2.448569600000000079e+01
1.842108613000003970e+03 2.300686500000000123e+01
1.842120161999999254e+03 2.316894200000000126e+01
1.843043526000001293e+03 2.199825600000000136e+01
1.843044899000000441e+03 2.199906100000000109e+01
1.844961412000004202e+03 2.169461199999999934e+01
1.844962309000002278e+03 2.169788499999999942e+01
1.845957063000001654e+03 2.172198399999999907e+01
1.845971419000001333e+03 2.181216399999999922e+01
1.845994715000000724e+03 2.187424499999999838e+01
1.846002775000000838e+03 2.186478299999999919e+01
1.847008750000000873e+03 2.223367599999999911e+01
1.847023429000000760e+03 2.226754499999999837e+01
1.853106434000001173e+03 2.331808900000000051e+01
1.853106882000000041e+03 2.334265399999999957e+01
1.853133972000003268e+03 2.324766299999999930e+01
1.853134420000002137e+03 2.321054399999999873e+01
1.853138449999998556e+03 2.322819399999999845e+01
1.853140686999999161e+03 2.318033199999999994e+01
1.855066447999997763e+03 2.405475399999999908e+01
1.855079964000004111e+03 2.402890500000000173e+01
1.858017390000000887e+03 2.318487400000000065e+01
1.858032093000001623e+03 2.318526999999999916e+01
1.859938522000004014e+03 2.430266699999999958e+01
1.859955838000001677e+03 2.437400699999999887e+01
1.860917064000001119e+03 2.392660700000000062e+01
1.860936493000001065e+03 2.402224800000000116e+01
1.863903417000001355e+03 2.302127600000000029e+01
1.863919101999999839e+03 2.312117800000000045e+01
1.865928854999998293e+03 2.442691599999999852e+01
1.865935191000004124e+03 2.445526699999999920e+01
1.865939798999999766e+03 2.446168000000000120e+01
1.865949798000001465e+03 2.449766599999999883e+01
1.865974762999998347e+03 2.453355900000000034e+01
1.865989531999999599e+03 2.454712200000000166e+01
1.865995992000003753e+03 2.456702100000000044e+01
1.866014888999998220e+03 2.456888800000000117e+01
1.869882417000000714e+03 2.216360900000000100e+01
1.869898262000002433e+03 2.225151299999999921e+01
1.870907657000003383e+03 2.257179400000000058e+01
1.870927219000004698e+03 2.264405100000000104e+01
1.880953832999999577e+03 2.322450699999999912e+01
1.880966680999998061e+03 2.322101599999999877e+01
1.881050706000001810e+03 2.301321700000000092e+01
1.881052049999998417e+03 2.304122399999999971e+01
1.881061548999998195e+03 2.300068399999999968e+01
1.881062891000001400e+03 2.295607400000000098e+01
1.881903722000002745e+03 2.409534899999999880e+01
1.881919086000001698e+03 2.410010799999999875e+01
1.881949164999998175e+03 2.407509200000000149e+01
1.881969221999999718e+03 2.405411900000000003e+01
1.882848876000003656e+03 2.427729599999999976e+01
1.882863613000001351e+03 2.435110399999999942e+01
1.882905143000003591e+03 2.433109100000000069e+01
1.882920447000004060e+03 2.441403700000000043e+01
1.889852858999998716e+03 2.307745900000000105e+01
1.889853756000004068e+03 2.308217199999999991e+01
1.891820952000001853e+03 2.314815600000000018e+01
1.892843915999997989e+03 2.432562199999999919e+01
1.892857028999998874e+03 2.437952699999999950e+01
1.893834420999999566e+03 2.419722499999999954e+01
1.893845746999999392e+03 2.422065299999999866e+01
1.893879645000000892e+03 2.434465399999999846e+01
1.893896461000003910e+03 2.437604800000000083e+01
1.895805348000001686e+03 2.158735799999999827e+01
1.896797843000000285e+03 2.167544499999999985e+01
1.896802047999997740e+03 2.169602199999999925e+01
1.897808924999997544e+03 2.179254200000000097e+01
1.897845891999997548e+03 2.362878100000000003e+01
1.898803280000000086e+03 2.143144399999999905e+01
1.898816364999998768e+03 2.148456799999999944e+01
1.920801806000003126e+03 2.359036700000000053e+01
1.920803159000002779e+03 2.356851699999999994e+01
1.920815343000002031e+03 2.359878300000000095e+01
1.920830802000004041e+03 2.364132000000000033e+01
1.922801364999999350e+03 2.444897999999999882e+01
1.922818555999998352e+03 2.448875100000000060e+01
1.925750335000004270e+03 2.282507499999999823e+01
1.925764654999999038e+03 2.288273200000000074e+01
1.953864025000002584e+03 2.351703300000000141e+01
1.953878044000004593e+03 2.345506800000000069e+01
1.961793286000000080e+03 2.130229999999999890e+01
1.961804103000002215e+03 2.128416199999999847e+01
1.964766258000003290e+03 2.248127900000000068e+01
1.964771200000002864e+03 2.246996599999999944e+01
1.964787843999998586e+03 2.240999499999999856e+01
1.964791883999998390e+03 2.239197499999999863e+01
1.968827263999999559e+03 2.422050899999999984e+01
1.971743617000000086e+03 2.220551999999999992e+01
1.972736685000003490e+03 2.190969000000000122e+01
1.979784489999998186e+03 2.356455700000000064e+01
1.979798006000004534e+03 2.350679200000000080e+01
1.980780968999999459e+03 2.329557300000000097e+01
1.980795905999999377e+03 2.323111700000000113e+01
1.982794952000003832e+03 2.358903400000000161e+01
2.154116548999998486e+03 2.303414799999999829e+01
2.155105412999997498e+03 2.407175000000000153e+01
2.155115809000002628e+03 2.412438200000000066e+01
2.155147758999999496e+03 2.151358600000000010e+01
2.156096671999999671e+03 2.327779599999999860e+01
2.156115380000002915e+03 2.337441400000000158e+01
2.156119028000000981e+03 2.339076400000000078e+01
2.156143970000004629e+03 2.142728100000000069e+01
2.159090493000003335e+03 2.278722199999999987e+01
2.161149980000001960e+03 2.180639499999999842e+01
2.161151781000000483e+03 2.180914500000000089e+01
2.164106127999999444e+03 2.409717399999999898e+01
2.164121796999999788e+03 2.415238799999999841e+01
2.165122969000003650e+03 2.457382600000000039e+01
2.167047168000004604e+03 2.172022899999999979e+01
2.167083681000003708e+03 2.429524299999999926e+01
2.167084130000002915e+03 2.426026699999999892e+01
2.167097198000003118e+03 2.451967399999999841e+01
2.167097646000001987e+03 2.448553499999999872e+01
2.169109530000001541e+03 2.233566199999999924e+01
2.169121648000000278e+03 2.240777399999999986e+01
2.169127507999997761e+03 2.243724100000000021e+01
2.169148798000001989e+03 2.173966400000000121e+01
2.174088288999999349e+03 2.145729800000000154e+01
2.174089185000004363e+03 2.145953599999999994e+01
2.180057170000000042e+03 2.351673100000000005e+01
2.180071347999997670e+03 2.356360799999999855e+01
2.180079422000002523e+03 2.358661700000000039e+01
2.180091217000001052e+03 2.361537399999999920e+01
2.181162137999999686e+03 2.179688200000000009e+01
2.182134773999998288e+03 2.431318600000000174e+01
2.197002044000000751e+03 2.263460500000000053e+01
2.197016108000003442e+03 2.271384700000000123e+01
2.218925759999998263e+03 2.339017600000000030e+01
2.218950842999998713e+03 2.351604100000000130e+01
2.218978285000004689e+03 2.360841599999999829e+01
2.218998875999997836e+03 2.365501599999999982e+01
2.223023156000002928e+03 2.329385999999999868e+01
2.223042593999998644e+03 2.329177200000000170e+01
2.225906201999998302e+03 2.153218499999999835e+01
2.229137332999998762e+03 2.136059500000000000e+01
2.234961814000002050e+03 2.304851599999999934e+01
2.234982482999999775e+03 2.306317999999999913e+01
2.236940867999997863e+03 2.354831100000000177e+01
2.236951707000000170e+03 2.354985100000000031e+01
2.237966145999998844e+03 2.326146599999999864e+01
2.237984088999997766e+03 2.325594699999999904e+01
2.245866816000001563e+03 2.343740499999999827e+01
2.245880549000001338e+03 2.349539299999999997e+01
2.246895351999999548e+03 2.427739300000000000e+01
2.246914314000001468e+03 2.433678899999999956e+01
2.248904651000004378e+03 2.389942599999999828e+01
2.248917616999999154e+03 2.393005799999999894e+01
2.249833311000002141e+03 2.154761699999999891e+01
2.249836938000000373e+03 2.156454599999999999e+01
2.249845936999998230e+03 2.156287599999999927e+01
2.249850462000002153e+03 2.158290999999999826e+01
2.249880562999998801e+03 2.427424099999999996e+01
2.249881010999997670e+03 2.423938499999999863e+01
2.249896780000002764e+03 2.428752700000000075e+01
2.249897231000002648e+03 2.426165299999999903e+01
2.250841457000002265e+03 2.124062999999999946e+01
2.251829464000002190e+03 2.137453700000000012e+01
2.252854385999999067e+03 2.285116700000000023e+01
2.252871863000000303e+03 2.292299300000000173e+01
2.254842058000001998e+03 2.212244300000000052e+01
2.254856617999997979e+03 2.218514700000000062e+01
2.256830765999999130e+03 2.166598099999999860e+01
2.256844303999998374e+03 2.171805499999999967e+01
2.261876149000003352e+03 2.228736500000000120e+01
2.261877507000004698e+03 2.229016000000000020e+01
2.261891436999998405e+03 2.230649400000000071e+01
2.261894716000002518e+03 2.230758000000000152e+01
2.261896073000003526e+03 2.231073400000000007e+01
2.261917879000000539e+03 2.232006000000000157e+01
2.262807997000003525e+03 2.288352499999999878e+01
2.262821421000000555e+03 2.291245899999999835e+01
2.264810576000003493e+03 2.432202300000000150e+01
2.264826404999999795e+03 2.436156899999999936e+01
2.270804146000002220e+03 2.441975100000000154e+01
2.270821219999997993e+03 2.450046800000000147e+01
2.270824923000000126e+03 2.455859900000000096e+01
2.272826893999997992e+03 2.316189299999999918e+01
2.272827793000004021e+03 2.315480200000000011e+01
2.274772877000003064e+03 2.311129400000000089e+01
2.274781396999998833e+03 2.316929100000000119e+01
2.274785878000002413e+03 2.320264099999999985e+01
2.274806619000002684e+03 2.330930000000000035e+01
2.279757275000003574e+03 2.166297700000000148e+01
2.279761744000003091e+03 2.163939699999999888e+01
2.279764426000001549e+03 2.165182899999999933e+01
2.280874134999998205e+03 2.360920300000000083e+01
2.280874586999998428e+03 2.359677200000000141e+01
2.280894208999998227e+03 2.361605899999999991e+01
2.280895112999998673e+03 2.360706899999999919e+01
2.289926400000003923e+03 2.200803600000000060e+01
2.289950007999999798e+03 2.190933199999999914e+01
2.290899468000003253e+03 2.176811599999999913e+01
2.290919405000000552e+03 2.172176999999999936e+01
2.290924798000000010e+03 2.170644000000000062e+01
2.291748823000001721e+03 2.386533299999999969e+01
2.291825488000002224e+03 2.297231100000000126e+01
2.298744637000003422e+03 2.490840199999999882e+01
2.298758246999997937e+03 2.495478999999999914e+01
2.299734823999999207e+03 2.372202599999999961e+01
2.299745579000002181e+03 2.375918400000000119e+01
2.301739181999997527e+03 2.332599700000000098e+01
2.302741697999997996e+03 2.321965300000000099e+01
2.303753413999998884e+03 2.422795299999999941e+01
2.305746032000002742e+03 2.430314200000000113e+01
2.305771721999997681e+03 2.435149799999999942e+01
2.306732658000000811e+03 2.321372099999999961e+01
2.307822758000002068e+03 2.348605900000000091e+01
2.307847224000004644e+03 2.346193600000000146e+01
2.316735032000004139e+03 2.192633500000000168e+01
2.316742248000002292e+03 2.193411400000000100e+01
2.316744057000003522e+03 2.192587199999999825e+01
2.316748555999998644e+03 2.193956299999999970e+01
2.316749461999999767e+03 2.192969099999999827e+01
2.316751260000004550e+03 2.193076200000000142e+01
2.316762037000000419e+03 2.193503000000000114e+01
2.316765618999997969e+03 2.193564699999999945e+01
2.316772346999998263e+03 2.193572800000000100e+01
2.316772795000004407e+03 2.194909499999999980e+01
2.316780944999998610e+03 2.194829400000000064e+01
2.316783201999998710e+03 2.194771700000000081e+01
2.325746652000001632e+03 2.395449299999999937e+01
2.325765499000001000e+03 2.394899200000000050e+01
2.344780394000001252e+03 2.268189900000000137e+01
2.344796186999999918e+03 2.261240000000000094e+01
2.352765988999999536e+03 2.439393799999999857e+01
2.352778601999998500e+03 2.432885599999999826e+01
2.360747905000003811e+03 2.177415099999999981e+01
2.360759228000002622e+03 2.174002600000000029e+01
2.508135472000001755e+03 2.142066399999999859e+01
2.509138728999998420e+03 2.142526600000000059e+01
2.512126991000004637e+03 2.460647700000000171e+01
2.512131076999998186e+03 2.457195700000000116e+01
2.513112351000003400e+03 2.459392400000000123e+01
2.513132465000002412e+03 2.471765100000000004e+01
2.515141455999997561e+03 2.169162000000000035e+01
2.518121111000000383e+03 2.379068900000000042e+01
2.518141426000001957e+03 2.183201599999999942e+01
2.519130141000001458e+03 2.334150700000000001e+01
2.520100701000003028e+03 2.337797600000000031e+01
2.520115684000003967e+03 2.345650699999999844e+01
2.521152871999998752e+03 2.164622699999999966e+01
2.523149019000004046e+03 2.201800100000000171e+01
2.524104572000003827e+03 2.250487800000000149e+01
2.524117429999998421e+03 2.260892199999999974e+01
2.525141908999998122e+03 2.163360600000000034e+01
2.525142358999997668e+03 2.160824300000000164e+01
2.526157094000001962e+03 2.179243500000000111e+01
2.538057746999998926e+03 2.334404699999999977e+01
2.538085532999997668e+03 2.350203700000000140e+01
2.541044843000003311e+03 2.444106000000000023e+01
2.541058112999999139e+03 2.451158799999999971e+01
2.541078738000003796e+03 2.459965800000000158e+01
2.541090207000001101e+03 2.463848399999999828e+01
2.543156707000001916e+03 2.183884499999999917e+01
2.547068084999998973e+03 2.374506900000000087e+01
2.547081445000003441e+03 2.378499899999999911e+01
2.547142261000000872e+03 2.386537799999999976e+01
2.548078465999999025e+03 2.384463200000000072e+01
2.548092514000003575e+03 2.387772500000000164e+01
2.551029940000000352e+03 2.277824400000000082e+01
2.551044952000003832e+03 2.287975700000000145e+01
2.552020780999999261e+03 2.253209000000000017e+01
2.552038968000000750e+03 2.264688200000000151e+01
2.552165880000000470e+03 2.163179099999999977e+01
2.552169088000002375e+03 2.164705100000000115e+01
2.555014447000001383e+03 2.172772300000000101e+01
2.555060143000002427e+03 2.189845199999999892e+01
2.555060593000001973e+03 2.187885100000000094e+01
2.571966891000003670e+03 2.345146799999999843e+01
2.571974162999998953e+03 2.353947199999999995e+01
2.571982319000002462e+03 2.353311899999999923e+01
2.571984581000004255e+03 2.358568500000000157e+01
2.571997004000004381e+03 2.363288400000000067e+01
2.572012952000004589e+03 2.368177999999999983e+01
2.574021367000001192e+03 2.432883100000000098e+01
2.574032394000001659e+03 2.434883699999999962e+01
2.576982029999999213e+03 2.379800099999999929e+01
2.577000938000004680e+03 2.385596500000000120e+01
2.578930891000003612e+03 2.227728199999999958e+01
2.578949890000003506e+03 2.241455600000000103e+01
2.583973876000003656e+03 2.140693900000000127e+01
2.583974775000002410e+03 2.140890999999999877e+01
2.594129682999999204e+03 2.429173400000000171e+01
2.596938563000003342e+03 2.340544799999999981e+01
2.597905625999999756e+03 2.284449299999999994e+01
2.597914447000002838e+03 2.289419499999999985e+01
2.598891792000002170e+03 2.444499199999999917e+01
2.598905451999999059e+03 2.451736199999999855e+01
2.604863487000002351e+03 2.128406700000000029e+01
2.604867953000000853e+03 2.130468099999999865e+01
2.604888426999998046e+03 2.390364500000000092e+01
2.604900126000000455e+03 2.391482900000000100e+01
2.604955216000002110e+03 2.411793099999999868e+01
2.604970624000001408e+03 2.413191199999999981e+01
2.605872789000000921e+03 2.178740499999999969e+01
2.605906512000001385e+03 2.382074400000000125e+01
2.605920169000004535e+03 2.387331999999999965e+01
2.605926932000002125e+03 2.392098500000000172e+01
2.605943872000003466e+03 2.386274600000000135e+01
2.616940989000002446e+03 2.232865100000000069e+01
2.616958062999998219e+03 2.232643099999999947e+01
2.616988070999999763e+03 2.229599299999999928e+01
2.617011865000000398e+03 2.224895700000000076e+01
2.617881912000004377e+03 2.330561199999999999e+01
2.617906226999999490e+03 2.332655899999999960e+01
2.617934398999997939e+03 2.333611300000000099e+01
2.617958428999998432e+03 2.332638899999999893e+01
2.618893472000003385e+03 2.360045099999999962e+01
2.618907488000004378e+03 2.359772699999999901e+01
2.619823210000002291e+03 2.404409400000000119e+01
2.619840179999999236e+03 2.413901200000000102e+01
2.623822139000003517e+03 2.463410999999999973e+01
2.623835777000000235e+03 2.470799500000000037e+01
2.626827232000003278e+03 2.410402099999999947e+01
2.626843054999997548e+03 2.417463899999999910e+01
2.627884517999998934e+03 2.329194100000000134e+01
2.630863221999999951e+03 2.455052600000000140e+01
2.630883808999999019e+03 2.458575400000000144e+01
2.634800329999998212e+03 2.303452800000000167e+01
2.634816202000001795e+03 2.310925100000000043e+01
2.635773212000000058e+03 2.290449900000000127e+01
2.635792279000001145e+03 2.301766299999999887e+01
2.636814661000003980e+03 2.163988099999999903e+01
2.636825411999998323e+03 2.166750700000000052e+01
2.643783154000004288e+03 2.161623200000000011e+01
2.643803818000000319e+03 2.167578699999999969e+01
2.643876605999997992e+03 2.176278500000000093e+01
2.643882922000004328e+03 2.176245600000000024e+01
2.643884713999999803e+03 2.176214200000000076e+01
2.643891043000003265e+03 2.176025599999999827e+01
2.647756228999998712e+03 2.376620600000000039e+01
2.647768825999999535e+03 2.383022199999999913e+01
2.652737680999998702e+03 2.310935699999999926e+01
2.652738128999997571e+03 2.311081400000000130e+01
2.652755985000003420e+03 2.320444399999999874e+01
2.652758824000004097e+03 2.321534300000000073e+01
2.652775170000000799e+03 2.328045200000000037e+01
2.652786850000004051e+03 2.331795199999999824e+01
2.655739562000002479e+03 2.281692200000000170e+01
2.656746083999998518e+03 2.299430100000000010e+01
2.671725747000004048e+03 2.137272300000000058e+01
2.671738280999998096e+03 2.155305299999999846e+01
2.671781899000001431e+03 2.161832300000000018e+01
2.671794469000000390e+03 2.162539900000000159e+01
2.671803456000001461e+03 2.162741499999999917e+01
2.671805258000000322e+03 2.162751499999999893e+01
2.672847556000000623e+03 2.175999099999999942e+01
2.672869961000003968e+03 2.169999299999999920e+01
2.679804051999999501e+03 2.407818699999999978e+01
2.679826659999998810e+03 2.403962100000000035e+01
2.685720595999999205e+03 2.182192999999999827e+01
2.690747742999999900e+03 2.415547000000000111e+01
2.690782970000000205e+03 2.414603599999999872e+01
2.698816646999999648e+03 2.219135999999999953e+01
2.698838287999999011e+03 2.207916399999999868e+01
2.705827470000003814e+03 2.313780200000000065e+01
2.706760033999998996e+03 2.425259799999999899e+01
2.706760941000000457e+03 2.428105400000000103e+01
2.706774893000001612e+03 2.420804899999999904e+01
2.706775799000002735e+03 2.424006200000000177e+01
2.734750832999998238e+03 2.189920299999999997e+01
2.734751281000004383e+03 2.186196400000000040e+01
2.872134775999998965e+03 2.150038500000000141e+01
2.873133060000000114e+03 2.447454400000000163e+01
2.890126328999998805e+03 2.382716699999999932e+01
2.890151023999998870e+03 2.172229300000000052e+01
2.891101292999999714e+03 2.302178200000000174e+01
2.891101741999998922e+03 2.307166899999999998e+01
2.891114961999999650e+03 2.308295800000000142e+01
2.891115409999998519e+03 2.312529200000000174e+01
2.891120686000002024e+03 2.314305399999999935e+01
2.891121134000000893e+03 2.310674900000000065e+01
2.891131066000001738e+03 2.317370299999999972e+01
2.891131513000000268e+03 2.314206899999999933e+01
2.892118566999997711e+03 2.277587000000000117e+01
2.892138023999999859e+03 2.281437800000000138e+01
2.897088506000000052e+03 2.432305500000000009e+01
2.897110829999997804e+03 2.440779099999999957e+01
2.901149666999997862e+03 2.140484400000000065e+01
2.901151022999998531e+03 2.139764800000000022e+01
2.901154631999997946e+03 2.140749999999999886e+01
2.901155541000000085e+03 2.140118100000000112e+01
2.906064651000000595e+03 2.240107000000000070e+01
2.906079985000003944e+03 2.264244400000000113e+01
2.910066566000001330e+03 2.123002200000000173e+01
2.910068356000003405e+03 2.123547500000000099e+01
2.917069778000004590e+03 2.400524000000000058e+01
2.917088384000002407e+03 2.403895800000000094e+01
2.917100551000003179e+03 2.405349100000000107e+01
2.917125332000003255e+03 2.406466500000000153e+01
2.918105402000001050e+03 2.384900299999999973e+01
2.918129141999997955e+03 2.384969299999999848e+01
2.918131940999999642e+03 2.384834400000000088e+01
2.920001905999997689e+03 2.429224900000000176e+01
2.920009728000004543e+03 2.428165600000000168e+01
2.920013338000004296e+03 2.435791400000000095e+01
2.920023403999999573e+03 2.435858100000000093e+01
2.920027521000003617e+03 2.437923899999999833e+01
2.920046039000000746e+03 2.445101800000000125e+01
2.924012287999998080e+03 2.354267499999999913e+01
2.924012738999997964e+03 2.354864900000000105e+01
2.924030073000001721e+03 2.361983000000000033e+01
2.924030969999999797e+03 2.361670200000000008e+01
2.926991878000000725e+03 2.343284699999999887e+01
2.926992325999999593e+03 2.343287000000000120e+01
2.927005832000002556e+03 2.350184000000000140e+01
2.927006284000002779e+03 2.349968499999999949e+01
2.945943357000003743e+03 2.418735500000000016e+01
2.945957024000003003e+03 2.421078800000000086e+01
2.945974933999998029e+03 2.427087399999999917e+01
2.945987136000003375e+03 2.429491300000000109e+01
2.945988953000000038e+03 2.434604200000000063e+01
2.946002765999997791e+03 2.436099700000000112e+01
2.946003216000004613e+03 2.431696000000000168e+01
2.946019487999998091e+03 2.433177200000000084e+01
2.947929113999998663e+03 2.338852400000000031e+01
2.947947063999999955e+03 2.348117999999999839e+01
2.949023866000003181e+03 2.443598300000000023e+01
2.949042974000003596e+03 2.442501599999999939e+01
2.949943761000002269e+03 2.312878200000000106e+01
2.949958860999999160e+03 2.319001499999999893e+01
2.950922463000002608e+03 2.276626299999999858e+01
2.950929663000002620e+03 2.281711900000000171e+01
2.950949853999998595e+03 2.294113099999999861e+01
2.950970896999999241e+03 2.302245599999999826e+01
2.951940538000002562e+03 2.312041599999999875e+01
2.951941436000000976e+03 2.313132500000000036e+01
2.952918252000003122e+03 2.400228299999999848e+01
2.952935160000000906e+03 2.409487499999999827e+01
2.952950793000003614e+03 2.415772899999999979e+01
2.952967493000003742e+03 2.421328300000000056e+01
2.953912521999998717e+03 2.416372499999999945e+01
2.953940135000004375e+03 2.431152799999999914e+01
2.956897888999999850e+03 2.443404999999999916e+01
2.956922418000001926e+03 2.457614999999999839e+01
2.957920995000000403e+03 2.378843699999999828e+01
2.957928663999999117e+03 2.387121600000000043e+01
2.957930504000003566e+03 2.383349499999999921e+01
2.957942816000002495e+03 2.392476200000000119e+01
2.958905455000000075e+03 2.428389999999999915e+01
2.958916163000001688e+03 2.434243999999999986e+01
2.959889080000000831e+03 2.258536700000000152e+01
2.959951299000000290e+03 2.400471599999999839e+01
2.959969639000002644e+03 2.404629600000000167e+01
2.965927103000001807e+03 2.241488100000000117e+01
2.965939207000003080e+03 2.244914299999999940e+01
2.974871524000001955e+03 2.332419000000000153e+01
2.974884439000001294e+03 2.338022700000000142e+01
2.988815064000002167e+03 2.261492700000000156e+01
2.991807466999998724e+03 2.157751800000000131e+01
2.991948755999997957e+03 2.180475300000000161e+01
2.992804429000003438e+03 2.216119300000000081e+01
2.992820355000003474e+03 2.224667399999999873e+01
2.992957249999999476e+03 2.156640499999999960e+01
2.993901511000003666e+03 2.252012699999999867e+01
2.993917163999998593e+03 2.252903099999999981e+01
3.000892121999997471e+03 2.342951499999999854e+01
3.000911761000003025e+03 2.340971499999999850e+01
3.003769303000000946e+03 2.409298400000000129e+01
3.003788512999999512e+03 2.419077700000000064e+01
3.004784509000004618e+03 2.434991499999999931e+01
3.004805541000001540e+03 2.443335300000000032e+01
3.006778400000002875e+03 2.442261600000000143e+01
3.006792204999997921e+03 2.449278500000000136e+01
3.008879426999999851e+03 2.323544300000000007e+01
3.011805785000004107e+03 2.331069799999999859e+01
3.011818333000002895e+03 2.335028700000000157e+01
3.011819233000001987e+03 2.335276199999999847e+01
3.016816485000003013e+03 2.391318599999999961e+01
3.016840215000003809e+03 2.395383599999999902e+01
3.017736288000000059e+03 2.271230999999999867e+01
3.017753200999999535e+03 2.280335499999999982e+01
3.018778463000002375e+03 2.138083100000000059e+01
3.018791000999997777e+03 2.140798300000000154e+01
3.020784527000003436e+03 2.278334100000000007e+01
3.020809064000000944e+03 2.282545800000000114e+01
3.026708803000001353e+03 2.122322600000000037e+01
3.026745218000003661e+03 2.150799400000000006e+01
3.026763600999998744e+03 2.155383499999999941e+01
3.026765392000001157e+03 2.155760799999999833e+01
3.026818467999997665e+03 2.162003100000000089e+01
3.026835968999999750e+03 2.162126800000000060e+01
3.026836865999997826e+03 2.162108100000000022e+01
3.031717001000004529e+03 2.215437400000000068e+01
3.031802575000001525e+03 2.462858900000000162e+01
3.031820641999998770e+03 2.463186999999999927e+01
3.034821780999998737e+03 2.385065099999999916e+01
3.034848660000003292e+03 2.381915700000000058e+01
3.043722249999998894e+03 2.163970799999999883e+01
3.043748969000000216e+03 2.336816699999999969e+01
3.043763032000002568e+03 2.336812700000000120e+01
3.053766117999999551e+03 2.232292999999999950e+01
3.053787775000004331e+03 2.229826699999999917e+01
3.054750269000003755e+03 2.188087700000000169e+01
3.054764671000004455e+03 2.187897399999999948e+01
3.069811093000003893e+03 2.308489199999999997e+01
3.088752400999997917e+03 2.157560099999999892e+01
3.088775697000004584e+03 2.369017399999999895e+01
3.091777872999999090e+03 2.330957499999999882e+01
3.239132120000002033e+03 2.259853899999999882e+01
3.245125358999997843e+03 2.411340099999999964e+01
3.247150271999998949e+03 2.216988100000000017e+01
3.255143904000004113e+03 2.139936799999999906e+01
3.260117845000000671e+03 2.422478999999999871e+01
3.260135367000002589e+03 2.427458199999999877e+01
3.261107820999997784e+03 2.149479699999999838e+01
3.273152308000004268e+03 2.177094100000000054e+01
3.274034340999998676e+03 2.342288900000000140e+01
3.274047813000004680e+03 2.355221500000000034e+01
3.274095994000002975e+03 2.370075800000000044e+01
3.274108643999999913e+03 2.372327699999999950e+01
3.274166331000000355e+03 2.205466900000000052e+01
3.275055322000000160e+03 2.281554200000000066e+01
3.276032731999999669e+03 2.303265700000000038e+01
3.279125649000001431e+03 2.398389299999999835e+01
3.279145351999999548e+03 2.398660299999999879e+01
3.284011869000001752e+03 2.446556800000000109e+01
3.284025261000002502e+03 2.454091999999999985e+01
3.286067577000001620e+03 2.434020200000000145e+01
3.286088974999998754e+03 2.437830800000000053e+01
3.287995911999998498e+03 2.317268800000000084e+01
3.288013231999997515e+03 2.320908100000000118e+01
3.289029551999999967e+03 2.259451500000000124e+01
3.289047282999999879e+03 2.283242100000000008e+01
3.307982672999998613e+03 2.481722600000000156e+01
3.307996362999998382e+03 2.456044100000000086e+01
3.308009133999999904e+03 2.489665300000000059e+01
3.308028408999998646e+03 2.462608900000000034e+01
3.308172407999998541e+03 2.163587599999999966e+01
3.313924392000000807e+03 2.345800699999999850e+01
3.313944287999998778e+03 2.356290900000000121e+01
3.313992001999999047e+03 2.372356800000000021e+01
3.314007131999998819e+03 2.375162299999999860e+01
3.316917972000002919e+03 2.151456500000000105e+01
3.316921550999999454e+03 2.153031400000000062e+01
3.316948907999998482e+03 2.162845499999999888e+01
3.318995582000003196e+03 2.290741999999999834e+01
3.319019580000000133e+03 2.297714699999999866e+01
3.335970246999997471e+03 2.337340999999999980e+01
3.336864076999998360e+03 2.393334700000000126e+01
3.336882283999999345e+03 2.402706999999999837e+01
3.336892250000004424e+03 2.406957500000000039e+01
3.336905751999998756e+03 2.411816500000000119e+01
3.340875484000003780e+03 2.331219799999999864e+01
3.346855951999998069e+03 2.287231399999999937e+01
3.346872090000004391e+03 2.294135100000000094e+01
3.346887926000003063e+03 2.299721600000000166e+01
3.346888826000002155e+03 2.301114000000000104e+01
3.355817784999999276e+03 2.367991100000000060e+01
3.355831339000003936e+03 2.360576599999999914e+01
3.355998174000000290e+03 2.159653700000000143e+01
3.356005056000001787e+03 2.158079199999999886e+01
3.356939124000004085e+03 2.408575599999999994e+01
3.364785617000001366e+03 2.301550999999999902e+01
3.364794334999998682e+03 2.300846900000000161e+01
3.364810273000002780e+03 2.312081900000000090e+01
3.365900835000000370e+03 2.449384200000000078e+01
3.365918493999997736e+03 2.449088700000000074e+01
3.369772283999998763e+03 2.355545599999999951e+01
3.369791855000003125e+03 2.362844700000000131e+01
3.369851827999998932e+03 2.381804100000000091e+01
3.369870141999999760e+03 2.384059099999999987e+01
3.372789538000004541e+03 2.189239200000000096e+01
3.381806154999998398e+03 2.212431499999999929e+01
3.381820917000004556e+03 2.214446799999999982e+01
3.381838862000004156e+03 2.215927399999999992e+01
3.381852289000002202e+03 2.216306799999999910e+01
3.381901034000002255e+03 2.212057599999999979e+01
3.381914586999999301e+03 2.209180999999999884e+01
3.382732452000003832e+03 2.143944499999999920e+01
3.382736022999997658e+03 2.145632700000000170e+01
3.382740518999999040e+03 2.147645299999999935e+01
3.382757541999999376e+03 2.154254900000000106e+01
3.383890881999999692e+03 2.335995499999999936e+01
3.387737287000003562e+03 2.445882999999999896e+01
3.387750910000002477e+03 2.452449299999999965e+01
3.388716563000001770e+03 2.141821099999999944e+01
3.388717010000000300e+03 2.142105499999999907e+01
3.388730016000001342e+03 2.445705600000000146e+01
3.388745543000004545e+03 2.453792599999999879e+01
3.389707083000001148e+03 2.186947800000000086e+01
3.389723292000002402e+03 2.193139299999999992e+01
3.392708187000003818e+03 2.196364300000000114e+01
3.392726284000003943e+03 2.311743299999999834e+01
3.393711685000002035e+03 2.205465399999999931e+01
3.394731487000004563e+03 2.422888000000000019e+01
3.394746409999999742e+03 2.429172499999999957e+01
3.394756562000002305e+03 2.432385599999999926e+01
3.394772089999998570e+03 2.436321099999999973e+01
3.398740530000002764e+03 2.377125399999999900e+01
3.398753970999998273e+03 2.380945699999999832e+01
3.417749843999998120e+03 2.442179300000000097e+01
3.417750748999998905e+03 2.440485100000000074e+01
3.417778059000003850e+03 2.441617400000000160e+01
3.417778964999997697e+03 2.439280400000000171e+01
3.419719614000001457e+03 2.156534600000000168e+01
3.436733034999997471e+03 2.161261100000000113e+01
3.436751913000000059e+03 2.174071400000000054e+01
3.436756400999998732e+03 2.173414199999999852e+01
3.437733253999998851e+03 2.208237899999999954e+01
3.437751522999998997e+03 2.244135999999999953e+01
3.439805505000003905e+03 2.218181900000000084e+01
3.439827907999999297e+03 2.204629200000000111e+01
3.455776051000000734e+03 2.326701900000000123e+01
3.455789576000002853e+03 2.317814699999999917e+01
3.464759907999999996e+03 2.126036300000000168e+01
