#        AR    CLEN   COVER    LMIN    LMAX  R
0000  0.391   1.119   0.271  12.940  75.525  0
0001  0.446   9.522   0.191  19.813  62.635  0
0002  1.337   1.538   1.532  32.993  74.139  0
0003  0.515   1.094   0.946   3.324  31.708  0
0004  0.605   3.451   0.122  27.356  77.065  1
0005  0.729   1.577   0.706  39.959  66.284  1
0006  1.574   7.590   0.706  24.237  76.785  0
0007  0.551   1.873   0.373  31.049  78.989  1
0008  1.182   1.283   0.478   1.818  54.481  0
0009  1.434   3.324   0.644  21.297  48.649  1
0010  1.034   7.091   1.312  35.794  71.651  0
0011  0.360   5.301   0.269  14.715  59.238  1
0012  1.930   1.093   0.172  32.556  60.301  0
0013  2.631   3.362   0.595  20.260  44.517  0
0014  2.930   7.322   0.393  35.669  75.560  0
0015  1.096   6.536   0.197   8.189  77.963  1
0016  2.586   3.526   1.337  16.048  42.219  0
0017  1.227   9.145   0.142  10.570  47.958  0
0018  0.817   4.920   2.035  15.862  76.799  0
0019  2.976   1.459   0.171   0.946  75.404  1
0020  1.654   5.366   1.465  23.003  72.857  0
0021  0.322   4.928   0.192   2.741  69.522  0
0022  1.970   1.051   0.384  37.972  74.143  0
0023  0.417   4.401   0.276   8.996  69.847  0
0024  0.501   3.057   1.443   7.676  60.819  0
0025  0.336   3.441   0.185  14.594  44.633  0
0026  0.820   2.859   0.303  29.533  76.647  0
0027  0.549   4.136   0.206   5.905  53.179  0
0028  0.406   3.565   1.635   0.388  51.036  1
0029  0.636   6.219   0.472   8.702  61.843  0
0030  1.664   4.679   0.143  20.752  66.702  0
0031  0.545   8.324   0.580   7.012  54.839  0
0032  1.648   1.891   1.992  37.371  74.920  0
0033  0.475   4.589   0.260  21.581  53.024  0
0034  1.201   2.810   0.184   2.726  72.435  0
0035  0.517   6.769   3.128  20.990  58.200  0
0036  0.815   2.642   2.087  28.896  78.643  0
0037  0.713   3.677   1.086  15.825  70.102  1
0038  1.583   3.076   0.149   2.147  54.628  0
0039  0.463   3.768   1.563  36.809  65.877  1
0040  0.723   4.856   0.408   1.459  74.981  0
0041  0.618   6.504   0.135  10.652  29.469  0
0042  0.450   2.000   2.371  21.820  57.842  0
0043  1.391   1.833   1.229   7.914  47.075  1
0044  2.458   7.032   1.279  15.614  58.892  1
0045  2.399   7.884   0.611   7.440  63.496  0
0046  0.933   1.703   0.922  13.671  78.299  0
0047  2.681   2.872   0.361  32.857  76.492  1
0048  0.571   5.671   0.497  32.777  66.001  0
0049  0.792   6.848   1.225  22.492  68.157  0
0050  0.935   2.561   0.185   7.216  55.169  0
0051  0.523   1.242   0.321  19.313  73.754  1
0052  1.419   1.453   0.217  24.124  50.254  0
0053  1.478   6.403   0.816  37.287  47.152  0
0054  0.435   1.963   0.269  25.672  64.773  0
0055  1.292   7.238   0.272   7.966  74.823  1
0056  0.506   1.283   0.609   5.093  77.648  0
0057  1.520   5.011   2.349   6.078  67.646  0
0058  0.647   2.352   1.461   6.145  46.617  0
0059  1.006   1.746   0.521   1.129  71.096  0
0060  0.888   1.585   2.494  27.263  62.782  0
0061  2.231   2.489   0.916  33.419  60.632  0
0062  0.498   2.147   2.461  22.718  75.362  0
0063  2.395   2.534   0.674   7.907  65.487  0
0064  0.602   5.479   2.911   7.976  47.853  0
0065  1.562   1.519   0.160   6.945  78.974  0
0066  2.192   8.027   2.184  27.333  79.327  0
0067  0.928   2.195   0.320   2.369  70.893  0
0068  0.320   6.203   0.113  29.684  62.310  1
0069  0.840   1.424   0.237  28.067  64.621  0
0070  0.467   3.280   0.535  20.794  72.715  0
0071  1.938   5.170   1.916   2.001  74.526  0
0072  0.475   1.667   2.988   6.574  69.205  0
0073  0.443   3.495   0.401   8.205  75.168  0
0074  2.602   1.221   0.121   0.060  78.229  0
0075  0.418   2.929   2.990  24.747  57.169  0
0076  0.418   1.064   0.255  35.353  68.740  0
0077  0.435   4.150   1.137   2.724  77.601  1
0078  2.158   1.196   0.102  13.973  72.216  0
0079  0.420   1.020   0.748  17.570  61.060  0
0080  0.400   9.204   0.190  12.952  43.875  1
0081  0.661   1.853   0.125  36.605  79.439  1
0082  2.156   1.205   0.670  14.920  75.404  0
0083  2.990   2.436   0.142  34.594  77.992  0
0084  0.537   3.184   0.331   0.343  64.660  0
0085  0.459   6.097   0.403  34.364  72.147  1
0086  1.773   1.406   2.190  17.595  76.933  0
0087  0.653   1.500   0.173  13.365  74.189  0
0088  2.250   1.627   0.193  26.426  76.303  0
0089  3.105   1.372   1.479  28.329  60.150  0
0090  1.159   3.587   0.329   7.951  59.427  1
0091  1.219   2.717   2.644   9.874  43.041  1
0092  0.382   3.882   1.103  28.739  74.056  0
0093  2.534   7.857   0.224  12.702  64.915  0
0094  1.364   1.491   0.378  33.495  66.290  0
0095  0.516   2.238   0.875  21.485  69.035  0
0096  0.946   1.766   0.485  24.810  56.147  0
0097  2.267   3.297   0.220  31.226  56.983  0
0098  0.324   1.961   0.501   7.775  60.169  0
0099  1.682   3.092   0.111   8.215  77.915  1
0100  2.447   2.656   0.553  14.599  75.316  0
0101  1.350   4.746   1.032  12.665  57.577  1
0102  0.966   2.894   1.350  22.749  76.537  1
0103  0.949   5.078   1.435  18.086  59.066  0
0104  0.460   6.447   0.708  39.643  67.878  1
0105  0.951   8.724   0.737  31.273  56.343  0
0106  1.468   5.005   2.220   2.640  60.428  0
0107  0.723   8.362   0.688   5.431  78.709  1
0108  0.413   1.592   2.944  19.931  70.053  0
0109  0.520   4.971   1.134  22.900  50.088  0
0110  1.218   1.209   1.822   9.057  38.645  0
0111  0.330   1.566   0.675  24.371  53.477  0
0112  0.389   1.546   0.845  10.989  54.049  0
0113  1.928   9.768   0.642  26.934  57.091  0
0114  1.495   1.222   0.977  37.949  77.739  0
0115  0.520   6.633   0.322  21.445  43.216  0
0116  1.183   6.684   0.612  25.897  54.747  0
0117  1.861   2.245   0.339   1.259  67.063  1
0118  1.460   5.012   0.494   2.732  64.121  0
0119  0.953   1.925   0.348  19.951  72.848  0
0120  0.330   4.732   0.201  24.032  79.393  0
0121  0.384   1.634   2.340  35.001  64.653  1
0122  1.993   3.701   1.522   8.116  70.750  0
0123  2.341   1.976   2.724   6.103  60.323  0
0124  0.752   2.415   2.120  29.085  36.861  0
0125  2.739   1.174   1.003   3.835  65.012  0
0126  1.844   4.932   2.485  36.506  68.366  0
0127  0.560   1.874   0.516  17.496  74.451  0
0128  0.422   6.912   0.226   9.423  76.825  0
0129  0.995   5.958   0.388  31.739  77.115  0
0130  3.082   5.938   0.486  24.505  33.338  0
0131  0.729   1.184   0.334   3.969  55.135  0
0132  0.481   4.621   0.526  18.800  57.046  0
0133  2.969   3.218   0.242   9.458  67.698  1
0134  2.757   4.597   0.851  13.933  60.450  0
0135  0.384   2.129   0.644  18.185  78.596  0
0136  2.755   1.303   1.015  21.664  72.309  0
0137  0.702   8.339   1.199   3.678  73.318  0
0138  0.405   1.356   0.100  19.019  66.887  0
0139  0.655   1.916   0.110  36.691  54.630  0
0140  3.061   1.210   0.191   6.538  73.291  0
0141  0.813   6.775   0.668  39.011  71.188  0
0142  2.834   7.848   0.941  32.105  65.898  0
0143  0.565   8.126   1.687  15.498  70.534  0
0144  0.735   3.674   0.116  31.022  79.048  0
0145  0.498   1.642   0.352  14.569  70.351  0
0146  0.336   1.087   0.129  33.867  67.763  0
0147  1.462   1.649   1.978  11.207  78.678  0
0148  1.465   4.813   0.117  27.834  63.664  0
0149  0.762   1.272   0.963   6.994  70.617  0
0150  1.150   3.180   0.398  14.284  79.052  0
0151  0.658   5.197   1.687  29.126  74.999  0
0152  0.317   3.249   1.316  33.578  70.292  0
0153  0.668   2.706   3.146  14.281  62.463  0
0154  2.757   1.316   0.629  30.362  52.721  0
0155  0.499   1.223   1.199  22.040  65.138  0
0156  0.529   5.646   0.744   6.136  55.703  0
0157  0.333   2.181   1.058   2.387  57.454  0
0158  0.578   6.723   0.800   2.986  59.647  0
0159  0.678   1.196   0.725   0.844  78.042  0
0160  1.967   1.975   0.990   3.985  65.319  0
0161  2.045   2.792   0.680   1.252  75.719  0
0162  0.785   1.181   0.802  25.876  73.793  0
0163  0.367   6.751   0.165  10.339  79.051  1
0164  1.071   6.284   1.004  22.666  55.608  0
0165  1.113   2.145   0.207  25.229  48.607  0
0166  1.801   2.841   0.237  26.991  70.576  0
0167  1.333   4.592   2.177  14.255  57.965  0
0168  0.777   1.259   1.024   3.104  79.357  1
0169  0.731   2.981   0.581  19.561  48.546  0
0170  1.292   5.936   1.386  24.984  73.670  0
0171  0.733   2.662   0.392  26.922  75.735  1
0172  1.050   1.011   0.182  24.078  64.589  0
0173  3.158   2.325   0.167   7.380  60.173  0
0174  0.364   5.608   0.174  24.708  66.065  0
0175  2.081   6.787   2.698  37.525  74.922  0
0176  0.427   1.517   0.291  15.534  52.358  1
0177  2.791   5.231   1.079   5.678  77.299  1
0178  0.926   1.644   0.266  28.397  76.031  0
0179  1.894   5.444   1.901  33.428  66.266  0
0180  1.935   1.923   0.307  14.299  42.403  0
0181  0.489   5.159   1.450  37.236  67.424  1
0182  2.486   2.672   0.196  26.852  52.549  0
0183  0.618   3.163   0.443  29.602  75.622  0
0184  0.736   3.966   0.470  19.893  61.676  0
0185  0.503   4.059   0.256  13.400  71.271  0
0186  0.523   2.813   0.878  32.537  78.543  0
0187  0.850   4.036   0.165   5.470  38.989  1
0188  0.439   5.303   0.954  18.665  79.733  0
0189  0.507   1.020   0.782   9.082  66.013  1
0190  1.764   1.094   2.045  27.103  44.659  0
0191  0.995   2.059   0.137  30.545  74.625  0
0192  0.877   3.798   0.732  14.278  29.883  0
0193  0.932   1.806   0.116  10.147  64.013  0
0194  2.892   2.795   0.940   1.918  39.504  0
0195  0.554   3.566   0.255  24.192  77.993  1
0196  0.556   2.213   0.668   6.503  65.476  1
0197  1.483   2.165   0.192   3.656  49.139  1
0198  0.665   7.278   1.749  20.145  73.777  0
0199  0.732   2.479   0.724  32.717  59.511  0
0200  1.390   5.897   0.120   4.537  66.730  0
0201  0.805   2.663   0.134  18.144  54.197  0
0202  0.681   1.080   0.452   1.048  44.784  1
0203  0.404   1.200   0.338  37.483  62.006  1
0204  1.530   1.037   0.229  27.883  69.467  0
0205  0.429   6.912   0.468  27.529  65.591  0
0206  0.775   1.246   0.321   9.373  70.057  0
0207  0.533   5.553   0.778   6.784  72.357  0
0208  2.891   9.723   0.943   3.220  67.517  0
0209  1.673   3.076   2.772   2.910  66.157  0
0210  1.592   4.665   0.381   1.279  68.254  0
0211  2.440   3.221   0.367  31.161  77.122  0
0212  0.470   7.464   1.353  30.743  68.126  0
0213  1.726   1.257   0.151   9.869  61.997  1
0214  0.472   6.098   1.744  13.677  49.612  0
0215  0.842   3.894   0.157   0.752  72.841  0
0216  2.295   5.433   0.293  37.539  51.921  0
0217  1.417   1.117   0.434  21.675  66.285  0
0218  1.249   7.370   0.104  17.352  61.734  0
0219  1.074   2.395   0.169  36.824  68.098  0
0220  2.805   2.872   0.372   0.296  78.022  0
0221  0.834   9.647   1.046  35.150  57.249  0
0222  1.788   8.316   0.915  27.707  71.099  0
0223  1.034   2.308   0.995  15.318  61.129  0
0224  1.402   5.086   0.423  16.558  70.557  1
0225  0.916   7.864   0.557   2.033  75.585  1
0226  0.817   6.309   0.365  19.500  72.978  0
0227  0.879   4.560   0.975   8.558  64.991  0
0228  0.723   3.565   1.467  39.084  78.696  0
0229  0.354   4.632   1.454  23.220  73.242  0
0230  1.329   8.527   1.010  39.010  63.260  0
0231  0.500   2.985   0.333  33.316  79.949  0
0232  0.532   5.662   0.326  27.436  64.660  0
0233  0.350   6.602   1.411  15.664  59.916  0
0234  0.925   2.521   0.841   9.829  56.277  1
0235  0.755   2.001   0.594   7.091  74.134  0
0236  0.842   1.772   0.109  35.409  69.697  0
0237  2.988   3.708   0.104  23.042  68.592  1
0238  0.405   6.509   0.136  16.266  64.205  0
0239  0.344   2.183   0.205  28.246  60.017  0
0240  0.948   2.593   0.759  28.991  59.002  0
0241  0.982   3.731   1.206   1.576  65.318  0
0242  1.360   1.971   0.100  11.851  64.872  0
0243  0.742   4.548   1.436  16.984  79.171  1
0244  0.396   7.728   0.492  36.987  65.128  0
0245  0.352   5.554   0.637  13.791  70.928  0
0246  2.706   3.907   0.631  13.729  52.556  0
0247  0.522   1.529   0.565  25.868  68.917  0
0248  1.893   1.362   0.485  37.819  78.141  0
0249  0.388   8.201   0.129  13.785  42.122  0
0250  0.829   5.128   1.246  19.560  67.871  0
0251  2.827   4.339   0.316  27.162  59.032  0
0252  0.827   1.377   0.128  16.591  72.741  0
0253  2.044   1.048   2.076   4.244  63.736  0
0254  2.870   6.031   0.319  38.289  65.106  1
0255  1.533   8.100   0.391  26.927  65.244  0
0256  0.633   2.295   1.518  16.139  42.917  0
0257  0.911   1.438   0.238   2.991  54.323  0
0258  0.835   2.342   0.416  15.895  54.587  0
0259  0.383   2.225   1.326   5.367  73.741  0
0260  0.476   1.292   0.151  13.394  76.693  0
0261  1.181   2.307   0.668  31.483  77.502  0
0262  0.898   5.256   1.230  18.916  45.595  0
0263  0.501   5.679   1.865   1.243  39.951  0
0264  2.703   4.464   0.236  19.562  52.357  0
0265  1.219   1.113   0.282  11.711  67.078  0
0266  2.041   8.700   2.495   5.001  55.146  1
0267  2.752   5.028   1.234  13.162  54.316  0
0268  0.325   2.290   0.127  17.828  79.880  0
0269  0.394   1.182   0.465  39.391  77.601  1
0270  1.169   9.252   0.157  22.817  73.206  1
0271  0.484   5.028   1.147  34.488  71.927  0
0272  3.074   8.683   0.551   8.269  67.435  0
0273  0.695   4.687   1.081  34.245  68.305  0
0274  0.960   4.254   1.072   3.880  61.401  1
0275  0.904   2.931   1.199  19.231  56.534  0
0276  0.329   2.504   0.110  36.891  79.988  1
0277  0.999   4.244   1.646  12.832  75.952  0
0278  1.445   9.797   0.322  22.715  68.540  1
0279  0.695   3.438   0.166  16.191  69.967  1
0280  0.743   8.171   0.938  18.329  73.163  0
0281  0.352   1.653   1.361  14.830  42.734  1
0282  2.991   9.423   1.908   7.454  70.434  0
0283  0.528   2.717   0.205  36.525  74.946  1
0284  1.293   7.958   0.126  38.422  74.186  0
0285  0.705   1.205   0.901  21.439  51.568  0
0286  1.045   2.693   2.219  10.084  47.227  0
0287  0.472   3.185   0.341  20.408  71.146  0
0288  2.893   1.694   0.398  29.411  77.014  0
0289  1.732   5.689   0.136  38.235  62.053  0
0290  0.912   2.954   0.244  34.009  68.586  1
0291  1.987   7.368   0.124   4.104  61.963  0
0292  0.720   1.833   0.115  11.648  61.352  0
0293  1.487   2.006   0.393  23.596  62.519  0
0294  0.597   2.903   0.230  23.780  68.303  0
0295  1.423   1.832   1.612  36.283  70.594  0
0296  0.751   2.889   0.352  28.685  55.704  0
0297  1.800   4.436   2.871   2.161  72.463  0
0298  1.304   1.437   0.431  14.466  61.890  1
0299  1.085   4.902   0.303  33.673  69.199  0
0300  0.516   1.439   0.305  39.144  57.915  0
0301  0.429   4.485   0.175   0.710  34.485  0
0302  2.940   3.439   0.927  34.821  70.118  1
0303  0.329   4.195   0.130   0.096  34.547  0
0304  0.393   2.192   0.335  14.787  70.426  0
0305  0.562   5.312   0.401   2.477  77.659  1
0306  0.653   1.396   0.302  11.219  59.551  0
0307  2.924   1.190   0.536  37.545  78.828  0
0308  0.573   5.511   0.557   4.822  66.879  0
0309  1.407   9.177   1.915   5.468  58.189  0
0310  1.965   1.503   2.877  24.022  67.016  0
0311  0.821   1.551   0.575   5.040  58.287  0
0312  2.045   1.104   0.248   5.577  60.424  0
0313  0.467   1.568   2.830   5.960  76.255  1
0314  2.529   2.989   0.295  14.826  77.424  0
0315  1.182   2.765   0.527  14.785  74.378  0
0316  0.735   1.117   0.501   0.260  35.021  0
0317  2.299   2.933   0.416  34.570  55.769  0
0318  0.437   7.644   2.460  11.464  59.680  1
0319  2.224   4.104   2.038  18.878  44.049  0
0320  0.879   6.324   0.338   0.290  76.834  1
0321  2.426   2.011   0.555  34.179  78.299  0
0322  2.652   1.947   0.571   4.080  45.388  0
0323  1.740   3.163   0.793  12.971  79.943  0
0324  0.689   2.355   0.258   4.159  76.447  0
0325  1.547   7.285   2.167   3.653  41.443  0
0326  3.002   2.137   0.574   2.012  71.234  0
0327  0.837   6.423   0.956  10.997  78.906  0
0328  2.176   7.351   1.925  30.544  74.958  0
0329  0.759   1.183   0.195  31.885  79.091  0
0330  1.767   3.020   0.586  37.147  65.628  0
0331  1.813   5.517   0.121  30.839  75.232  0
0332  0.498   2.566   0.123   9.651  73.481  0
0333  0.362   2.018   2.630  21.741  49.572  1
0334  1.260   5.743   0.345  26.172  77.741  0
0335  1.806   1.866   1.134  16.014  72.669  1
0336  0.687   1.925   1.944  25.534  73.995  0
0337  1.048   1.263   2.348  31.626  77.194  0
0338  1.715   4.492   0.231   7.628  55.064  0
0339  0.863   5.956   1.323  16.788  43.846  0
0340  0.471   8.652   0.626  11.534  56.972  0
0341  2.294   1.125   0.486  17.153  75.155  0
0342  0.369   2.307   0.123  35.383  56.214  0
0343  1.121   8.939   2.296   0.207  75.085  0
0344  0.736   5.887   0.964  37.449  77.523  0
0345  1.868   1.101   0.132  11.263  46.548  0
0346  1.105   1.204   2.187   7.914  44.229  0
0347  2.521   7.033   2.939  33.809  70.841  1
0348  0.777   7.775   1.140  38.993  41.642  0
0349  2.677   1.502   0.185  20.188  61.202  0
0350  0.718   4.648   0.483  15.937  66.423  0
0351  1.484   1.070   2.739  11.925  26.640  0
0352  2.384   4.062   0.284   0.201  61.840  0
0353  2.557   1.650   2.336  29.650  71.573  0
0354  1.801   1.115   1.284  19.021  77.913  1
0355  2.356   1.263   2.650   7.587  55.500  0
0356  1.476   4.364   0.500  14.442  73.814  0
0357  3.143   1.113   0.168  14.325  43.684  0
0358  1.925   2.547   1.271  22.937  64.772  0
0359  0.420   3.161   0.830   1.804  31.347  0
0360  1.201   6.317   1.565   4.306  78.518  0
0361  2.985   6.253   0.523  27.194  63.647  0
0362  0.827   1.065   0.435   7.183  44.699  1
0363  1.729   2.003   0.183  30.251  60.836  0
0364  1.048   6.439   1.496  19.666  70.077  0
0365  2.668   8.421   0.276  12.089  43.008  0
0366  2.758   6.103   0.850  23.447  77.216  1
0367  0.906   3.351   0.242  37.719  74.979  0
0368  1.920   1.931   0.224  32.130  72.371  0
0369  0.505   1.146   2.868   2.675  73.087  0
0370  0.452   1.923   0.130   7.373  46.623  0
0371  0.537   1.351   0.738  36.117  68.301  0
0372  0.630   7.139   2.317   9.581  74.772  0
0373  1.770   5.672   0.264   0.399  49.651  0
0374  0.751   3.017   0.168  27.270  69.494  0
0375  0.706   3.105   1.489  30.399  73.054  0
0376  0.322   8.594   0.202  14.601  57.092  0
0377  0.688   3.443   0.516  25.113  66.002  0
0378  0.743   1.310   1.024  30.933  57.472  0
0379  0.771   8.850   0.676  20.511  58.977  0
0380  0.429   4.413   0.779  18.561  56.714  0
0381  2.137   2.367   0.253  30.592  71.919  0
0382  2.834   5.953   0.122  32.598  75.642  1
0383  0.412   3.710   0.749  37.305  63.623  0
0384  0.946   3.914   0.125  12.619  78.804  1
0385  0.448   2.674   2.794   3.821  74.337  1
0386  0.724   4.903   0.496   9.643  72.685  0
0387  0.472   6.534   0.383  36.587  79.893  0
0388  2.257   3.929   0.176   5.636  78.772  0
0389  0.755   5.529   0.127  27.696  66.354  0
0390  2.395   8.004   0.902  30.338  77.565  0
0391  0.395   3.172   1.024  39.288  78.344  1
0392  1.084   5.623   0.946   8.655  55.230  0
0393  0.462   6.146   0.537  20.031  77.738  0
0394  0.393   4.951   2.091  31.617  62.810  0
0395  2.905   7.635   0.130  14.059  58.183  1
0396  1.907   2.635   0.163   2.301  31.312  0
0397  0.534   2.584   0.953  21.806  52.396  0
0398  2.587   1.713   0.811  21.629  71.476  1
0399  0.662   4.210   0.704  36.541  78.648  0
0400  1.189   6.674   2.203   5.565  55.934  1
0401  2.299   1.492   2.309  10.912  65.076  1
0402  2.990   2.438   0.289   8.123  68.236  1
0403  1.147   1.373   0.158   6.288  45.240  0
0404  1.779   4.365   2.070  24.246  44.882  0
0405  0.458   1.654   0.236  10.520  66.924  0
0406  0.800   1.371   0.241  17.354  77.235  1
0407  1.144   5.271   2.432  18.136  63.871  0
0408  1.034   3.256   2.864  20.820  73.506  1
0409  1.065   6.373   0.331  36.619  54.015  0
0410  0.924   1.479   1.993  32.967  49.279  0
0411  2.910   6.082   2.483  29.374  78.669  0
0412  0.327   5.283   2.940   3.692  34.761  0
0413  1.043   1.468   0.168  16.464  72.624  0
0414  0.458   6.019   1.038   2.182  73.595  0
0415  2.462   2.368   2.014  21.212  63.939  1
0416  2.711   3.493   0.258  15.178  50.446  0
0417  0.501   8.457   1.560  26.938  78.963  0
0418  0.346   1.755   0.611  13.898  58.227  0
0419  0.916   2.584   0.109  18.177  54.067  1
0420  1.884   3.370   0.465  25.771  75.745  0
0421  2.394   6.630   0.160  25.825  57.857  0
0422  2.401   4.225   0.816  21.457  62.548  0
0423  0.419   2.599   0.425  25.703  75.205  0
0424  3.029   1.104   1.623  28.113  52.138  0
0425  0.855   6.579   0.446  32.550  67.107  1
0426  0.322   6.327   0.130  10.272  77.745  0
0427  1.524   1.452   0.131  29.271  79.182  1
0428  3.073   7.138   0.251   8.223  55.625  0
0429  0.473   8.484   0.912  31.715  74.240  0
0430  0.441   7.215   0.926  21.942  56.601  0
0431  1.718   3.560   0.330   8.028  79.064  0
0432  1.156   6.117   1.121   8.858  30.064  0
0433  1.083   1.327   0.386  36.440  66.807  0
0434  1.113   3.677   0.185  23.817  69.344  0
0435  2.392   2.650   0.435  34.571  73.235  1
0436  0.915   3.594   0.807  13.657  77.136  1
0437  0.516   1.660   0.188  10.466  77.807  1
0438  1.139   4.415   0.400  36.193  67.742  0
0439  0.397   9.848   0.105  17.916  74.063  1
0440  0.892   5.442   0.119  12.501  65.474  0
0441  1.199   1.384   0.150  10.009  51.669  0
0442  2.475   4.078   1.608  20.926  70.865  0
0443  2.321   7.708   0.388   7.266  70.433  0
0444  0.723   2.012   0.211  37.010  77.605  0
0445  0.891   4.215   0.544  38.568  55.314  0
0446  0.396   1.614   0.383   0.334  70.107  0
0447  1.101   2.250   2.493  32.325  77.657  0
0448  0.708   2.103   0.174  30.719  70.282  0
0449  0.344   3.881   0.914  33.550  55.201  0
0450  0.661   1.285   0.749  17.033  72.669  0
0451  0.417   2.716   0.208   5.302  73.398  1
0452  1.571   1.063   2.847  38.126  66.707  0
0453  2.820   9.305   0.237  31.714  66.703  0
0454  1.420   4.740   0.938  29.938  61.355  0
0455  1.024   1.249   3.064  16.513  77.391  1
0456  0.553   7.772   0.100  37.222  63.883  0
0457  0.544   1.998   0.206  16.916  69.213  0
0458  0.410   3.966   1.553   3.263  57.959  0
0459  1.712   4.049   0.831  37.397  61.159  0
0460  0.323   3.849   2.152   2.419  78.445  1
0461  0.487   4.463   0.475  26.858  56.532  0
0462  0.961   3.956   0.106  37.796  55.828  1
0463  0.689   1.645   1.820  20.953  75.855  0
0464  0.615   3.624   0.271  23.689  75.708  0
0465  3.077   8.717   0.655  28.702  77.290  0
0466  1.008   3.907   1.698   6.129  62.346  0
0467  2.623   3.075   0.761  37.536  76.445  0
0468  1.916   1.187   0.262  36.279  73.366  1
0469  1.327   4.738   0.161  22.825  65.261  0
0470  0.830   1.076   1.065  36.749  79.350  0
0471  0.390   2.401   0.104  37.547  71.816  0
0472  0.816   9.034   2.847  24.475  70.945  1
0473  2.840   1.716   0.214  17.371  36.424  0
0474  1.343   4.448   0.205  13.903  71.944  0
0475  0.869   1.132   0.837  35.674  74.829  0
0476  0.929   3.071   0.385  17.591  51.467  1
0477  2.570   2.828   0.102  11.935  78.944  0
0478  0.325   3.554   0.322  33.024  65.728  0
0479  0.509   9.160   2.387  23.476  73.303  0
0480  1.305   5.148   1.217   9.143  77.137  0
0481  0.442   3.149   1.958  37.508  57.684  0
0482  0.592   1.914   0.705   7.083  67.904  0
0483  1.701   4.573   1.033  20.140  77.042  0
0484  1.714   4.330   1.566  23.945  55.096  0
0485  0.688   1.911   0.881   0.875  57.346  0
0486  1.240   1.383   1.965  21.479  60.883  1
0487  0.852   1.306   0.960  11.719  72.051  0
0488  0.363   1.227   0.119  29.630  72.409  0
0489  0.716   1.068   0.579  23.747  79.303  0
0490  0.469   5.130   0.940  13.834  52.996  1
0491  2.929   4.409   0.457  18.914  78.600  0
0492  1.373   1.921   1.836  38.910  68.803  0
0493  0.715   2.743   1.212  37.887  66.441  1
0494  1.713   1.100   0.416  17.075  52.086  1
0495  0.550   8.638   0.820  30.303  67.987  0
0496  0.464   2.728   0.593   5.173  71.835  0
0497  0.949   1.387   3.112   4.721  79.553  0
0498  1.074   1.629   0.206  30.354  69.776  0
0499  2.627   6.880   0.108  16.334  43.316  0
0500  0.433   4.994   1.152  28.244  64.722  0
0501  0.668   6.016   1.559  35.597  48.563  0
0502  0.503   2.922   0.131   2.702  72.902  0
0503  1.355   5.653   0.137  26.678  73.517  0
0504  0.523   5.632   0.103  13.858  65.464  0
0505  0.714   8.780   0.421  12.235  77.674  0
0506  2.487   3.858   1.255   6.920  34.965  0
0507  0.956   3.154   0.156  22.738  79.338  0
0508  2.570   2.550   0.406  21.623  55.620  0
0509  1.106   1.735   1.436  36.649  60.565  0
0510  0.450   1.565   0.396  27.548  68.253  1
0511  1.414   5.842   3.053  30.996  77.131  0
0512  1.940   1.181   2.581   5.633  69.196  0
0513  1.355   1.266   3.101   7.634  77.055  0
0514  0.545   9.887   2.363  34.597  61.619  0
0515  2.232   3.625   0.887  39.070  73.480  0
0516  0.953   7.988   3.135  26.480  57.059  0
0517  0.417   1.833   0.360   7.213  72.856  0
0518  0.735   1.661   0.151   5.604  69.227  0
0519  0.834   4.675   1.184  29.400  76.135  0
0520  0.391   8.351   0.814  28.789  79.961  0
0521  1.202   5.242   2.235   6.718  76.332  0
0522  0.343   7.942   1.937  25.772  79.383  0
0523  1.627   1.889   2.355  10.686  71.911  0
0524  1.186   2.749   2.357  36.598  77.465  1
0525  1.016   3.680   3.066  24.707  68.255  0
0526  2.183   1.602   0.428  23.444  55.835  1
0527  1.283   3.815   1.644  20.793  70.998  1
0528  0.556   2.677   1.589   1.813  57.022  0
0529  0.680   8.261   0.324  19.973  53.275  1
0530  0.403   1.807   0.132  35.677  55.077  0
0531  0.392   5.918   1.283  23.149  71.899  0
0532  1.345   3.862   1.429  28.711  72.621  0
0533  2.077   7.255   0.533  14.006  58.534  0
0534  2.164   1.990   2.051  35.828  69.901  0
0535  0.640   3.934   0.445  38.392  70.813  1
0536  2.609   1.256   0.891   2.843  65.410  0
0537  2.666   9.459   0.511  19.887  64.952  1
0538  0.349   2.226   2.248  35.797  62.253  0
0539  0.437   1.258   2.780  31.549  58.557  1
0540  0.729   4.673   1.001   2.510  41.740  0
0541  0.468   1.768   0.483  13.615  73.728  0
0542  0.495   1.351   0.194  23.807  64.306  0
0543  0.364   3.041   0.488  25.603  75.629  1
0544  1.337   1.881   0.936  22.656  62.250  0
0545  1.178   5.322   0.874  22.104  63.502  0
0546  0.530   3.168   1.031  23.218  68.830  1
0547  0.673   6.062   2.997  26.863  73.140  1
0548  1.601   1.271   0.682  27.031  59.031  0
0549  0.397   1.683   2.843  25.735  74.282  0
0550  0.360   1.695   0.416   2.641  75.841  0
0551  1.803   4.762   0.124  36.025  70.278  0
0552  0.423   2.072   0.549   5.513  41.240  0
0553  0.696   2.830   1.667  37.244  46.934  0
0554  1.322   2.353   0.144  26.331  71.752  1
0555  2.847   7.791   0.412  12.553  34.172  0
0556  0.402   2.610   2.044  24.468  69.531  0
0557  0.592   3.837   1.065  34.286  55.446  0
0558  0.701   9.963   1.075  32.063  51.516  0
0559  0.920   2.548   0.274  25.175  76.066  1
0560  0.321   7.666   0.499  23.576  77.996  0
0561  0.353   5.437   0.830  15.236  71.731  0
0562  0.680   7.572   0.953  33.253  68.778  1
0563  2.639   7.917   0.182  25.357  60.507  0
0564  1.372   9.861   0.456  25.055  79.562  0
0565  0.942   7.976   0.169  15.996  78.129  0
0566  1.941   7.022   0.125  39.111  69.772  0
0567  2.711   9.271   0.126   1.411  49.633  0
0568  0.793   1.841   1.004  16.771  69.132  1
0569  0.410   2.170   0.247  33.300  77.264  0
0570  2.152   4.988   0.401  18.484  74.536  0
0571  1.968   1.136   1.882  12.261  76.685  0
0572  1.980   1.216   0.564   2.737  45.249  0
0573  1.648   1.652   2.678  34.275  68.603  1
0574  1.028   4.454   0.182   0.400  47.111  0
0575  0.914   1.732   0.227  27.177  79.766  1
0576  2.470   7.318   0.175  23.400  59.775  0
0577  0.389   7.369   0.442  14.863  69.309  0
0578  1.024   1.528   0.857  28.599  58.523  0
0579  2.076   1.298   0.249  19.901  38.214  1
0580  1.707   1.643   0.146  34.191  76.849  0
0581  0.354   2.631   0.123   1.006  66.409  0
0582  0.535   5.931   0.571  23.319  64.159  0
0583  2.873   3.218   0.721  22.411  79.154  0
0584  0.867   1.712   3.122   4.349  60.908  0
0585  1.333   4.057   0.123  16.396  39.997  1
0586  2.913   1.905   0.186  32.715  72.439  0
0587  0.623   2.403   0.335  38.873  55.180  0
0588  0.498   1.242   2.419  11.808  55.230  0
0589  1.401   2.607   2.141  17.200  70.270  0
0590  2.067   3.187   0.110  18.655  73.579  0
0591  0.458   1.781   2.497  10.723  73.950  0
0592  1.149   2.142   1.295  27.590  77.142  0
0593  1.890   1.098   1.350  12.661  76.712  0
0594  0.885   3.711   1.495   5.695  57.394  0
0595  0.703   3.624   0.106   2.398  57.915  0
0596  1.032   8.377   1.402   9.676  74.109  0
0597  2.093   4.049   0.937  22.261  61.850  0
0598  1.311   3.628   0.800   7.927  75.650  0
0599  2.170   1.936   0.150   2.675  58.958  0
0600  0.683   1.659   0.139   2.332  45.313  0
0601  0.489   1.662   0.750  35.964  65.805  0
0602  1.812   3.191   0.538  19.947  78.639  0
0603  0.469   1.476   0.816   1.173  67.853  0
0604  2.489   1.953   1.897  21.318  43.466  0
0605  0.472   1.297   0.295  32.428  72.728  0
0606  0.434   1.387   0.509  36.489  65.330  0
0607  0.756   6.782   1.350  16.847  74.144  0
0608  2.156   8.100   0.108  39.571  59.857  0
0609  2.131   1.024   0.106   1.981  68.752  0
0610  1.913   1.384   0.127  33.641  73.492  0
0611  2.757   2.915   0.117   1.983  79.831  0
0612  0.651   4.248   1.365  34.838  72.653  0
0613  0.749   3.140   1.476  17.795  41.291  0
0614  2.184   9.535   1.241  15.680  67.141  0
0615  2.068   1.213   1.907  35.107  71.943  0
0616  1.768   5.794   0.116  13.078  75.222  0
0617  0.331   1.079   0.192  10.760  43.465  0
0618  3.121   6.819   0.237   5.900  75.444  0
0619  0.329   1.757   0.104  39.046  69.442  0
0620  0.837   2.163   0.224  31.639  75.837  0
0621  0.416   2.229   3.039   8.681  71.860  0
0622  0.921   1.092   0.149   4.336  67.945  1
0623  3.050   1.582   2.523  13.692  62.654  0
0624  2.100   5.385   2.940  29.859  68.886  0
0625  0.420   1.269   0.379   5.706  72.924  1
0626  0.983   6.616   0.664  11.006  54.881  1
0627  0.595   6.877   0.219  38.906  76.064  0
0628  1.167   3.258   1.592  11.700  72.054  0
0629  0.765   1.320   1.577  23.624  75.467  0
0630  0.397   2.787   0.543  21.281  65.528  1
0631  0.556   4.190   2.477   6.544  66.311  0
0632  2.743   1.747   1.235  13.528  75.294  0
0633  0.903   7.829   1.704  19.103  71.857  0
0634  1.641   7.525   0.423  38.092  77.312  0
0635  2.827   1.504   0.293   0.672  53.816  1
0636  2.623   1.881   0.514  13.088  68.963  0
0637  0.440   5.323   0.238  28.790  71.573  0
0638  0.329   2.569   1.395  25.087  52.082  0
0639  0.765   6.945   0.113  17.745  73.079  0
0640  0.571   1.270   0.227  11.875  69.074  0
0641  2.406   6.477   0.590  18.008  76.897  1
0642  2.121   1.086   1.155   4.642  54.671  0
0643  1.523   2.912   0.327   1.010  64.909  0
0644  1.082   3.783   2.888  27.099  75.898  1
0645  0.455   1.636   0.181   5.743  71.385  1
0646  0.423   4.899   0.848  29.643  74.675  0
0647  1.031   8.932   1.575  16.534  74.943  1
0648  0.668   2.579   0.306   1.745  42.383  0
0649  0.414   3.621   0.123  34.313  79.553  0
0650  3.142   6.498   0.592  26.851  66.642  0
0651  0.319   1.010   0.438   6.021  61.162  0
0652  0.875   2.754   0.112  35.490  76.040  0
0653  0.803   5.727   0.905  24.047  56.560  0
0654  0.325   9.594   3.145  13.156  73.398  0
0655  0.353   2.429   0.423   8.000  70.557  0
0656  1.851   2.222   2.961   0.338  12.471  0
0657  2.575   1.895   0.424   3.454  60.967  1
0658  1.310   2.908   0.151  12.521  59.348  0
0659  0.476   6.719   1.828  37.509  76.141  0
0660  0.610   8.619   1.099  10.492  72.791  1
0661  0.417   5.259   2.237   4.574  79.382  1
0662  2.835   3.573   0.338   3.030  71.487  1
0663  0.434   1.900   0.666   3.263  76.723  0
0664  0.825   1.609   2.296  34.266  73.498  0
0665  2.124   3.216   0.163  21.018  71.159  0
0666  2.949   5.425   0.561  26.941  75.725  1
0667  0.773   3.019   1.402  16.031  73.235  0
0668  0.519   4.664   2.794  26.412  69.509  0
0669  0.863   4.964   0.115  26.075  78.395  0
0670  0.621   2.667   0.388  11.296  60.851  0
0671  0.473   7.943   1.965  13.293  69.107  0
0672  2.521   4.270   1.517  33.852  71.002  1
0673  0.687   1.233   2.629  23.124  49.629  0
0674  0.554   2.609   0.711  22.308  74.285  0
0675  0.792   2.023   0.521  16.990  54.760  0
0676  0.960   2.628   0.186  19.386  73.106  1
0677  0.909   8.517   0.389  29.360  79.826  0
0678  0.805   1.345   1.474  37.876  78.288  0
0679  0.459   1.621   0.467  37.902  76.294  0
0680  0.343   2.541   2.609   8.813  57.743  0
0681  0.806   7.240   0.125  39.552  66.889  0
0682  0.340   1.704   0.450   3.064  68.980  0
0683  0.569   4.297   2.158  29.891  56.898  0
0684  2.385   7.688   0.146  39.862  77.045  0
0685  2.202   7.108   1.159  35.264  76.837  0
0686  2.766   1.450   0.363  23.454  55.488  0
0687  0.320   8.667   0.285  18.439  63.553  0
0688  0.327   1.315   0.923   8.823  52.939  0
0689  0.673   7.438   0.258  35.083  78.659  0
0690  0.577   1.979   0.102   8.273  71.805  0
0691  2.504   2.442   0.230  13.486  56.588  1
0692  0.570   6.363   0.384   7.894  65.679  0
0693  0.648   8.546   0.928  38.241  79.900  1
0694  1.833   6.870   0.255  35.690  74.496  0
0695  0.827   4.751   1.822  15.434  71.647  0
0696  1.304   2.010   0.637  38.141  52.695  0
0697  0.786   7.607   1.335   3.623  45.056  0
0698  1.540   2.790   0.194   1.829  73.985  1
0699  2.206   1.344   0.109  17.439  74.192  0
0700  1.572   3.607   3.103   4.176  47.510  0
0701  2.617   8.440   1.682   2.737  73.995  0
0702  0.414   2.702   1.507  11.239  55.174  0
0703  2.401   4.110   0.139  11.317  79.159  1
0704  1.326   2.782   1.046  16.118  71.689  1
0705  2.978   2.052   0.137  26.182  75.921  0
0706  2.569   4.516   1.258  12.091  74.084  0
0707  1.601   2.074   1.097  24.089  52.767  0
0708  1.271   1.204   0.755  31.342  49.116  1
0709  2.013   2.530   0.444   2.416  77.195  0
0710  2.072   2.885   0.147   8.751  63.755  1
0711  0.718   7.638   2.864  35.881  61.383  1
0712  1.797   1.290   0.208   5.609  77.096  0
0713  1.427   7.869   0.112  25.505  78.702  0
0714  0.784   1.631   0.370   2.179  30.138  0
0715  0.667   3.205   0.497  34.712  60.593  0
0716  0.925   8.474   1.306  30.581  69.822  0
0717  1.833   3.725   0.351  12.817  31.805  0
0718  1.489   8.696   0.148  28.865  66.650  0
0719  2.299   1.368   0.146  21.912  49.902  0
0720  0.592   4.332   0.862  27.605  78.770  0
0721  0.368   9.860   2.845  17.146  62.132  0
0722  1.582   1.820   3.065  36.155  70.379  0
0723  0.964   1.367   0.131   2.676  68.460  1
0724  0.539   4.266   0.178   0.137  56.322  0
0725  1.436   6.900   1.537  18.919  68.827  0
0726  0.580   1.368   0.252  27.479  66.820  0
0727  2.698   1.194   2.534  38.687  69.562  0
0728  0.612   1.777   2.188  38.363  64.035  0
0729  2.070   2.628   0.376  22.815  57.391  0
0730  0.786   1.398   0.295   7.188  66.545  0
0731  1.478   2.552   0.696  34.897  75.615  1
0732  0.408   5.342   1.341  24.010  75.244  0
0733  0.424   1.574   1.625   4.269  73.804  0
0734  2.615   2.542   0.221  10.465  50.292  0
0735  1.167   2.486   0.246  24.824  58.684  0
0736  0.465   1.261   2.098  38.085  64.037  0
0737  0.534   2.137   0.453  14.753  79.892  0
0738  1.333   1.687   0.107  10.168  19.434  1
0739  0.340   5.802   1.692  20.882  61.861  1
0740  0.406   2.383   1.404   5.780  65.414  1
0741  0.941   2.689   1.405  16.930  70.244  0
0742  1.121   1.034   0.106   6.022  27.783  0
0743  0.599   1.011   0.262  37.362  69.685  0
0744  2.690   1.282   1.209  26.217  51.620  0
0745  0.323   7.741   0.839  19.056  56.926  1
0746  0.650   7.425   0.363  34.993  69.287  0
0747  1.758   3.276   2.491   7.778  67.333  0
0748  0.406   4.343   0.226   6.448  78.381  1
0749  2.602   3.092   1.309  14.116  56.344  0
0750  0.449   8.156   0.122   6.519  67.383  0
0751  1.652   6.807   2.005   9.450  65.451  1
0752  0.451   4.541   0.125   4.834  50.794  0
0753  0.776   1.325   1.471  18.282  58.619  1
0754  1.768   2.024   0.393  12.000  77.610  0
0755  2.978   3.625   1.901  18.407  73.028  0
0756  0.739   3.273   1.229   2.370  75.822  0
0757  0.862   8.372   0.361  26.933  63.379  1
0758  1.403   5.807   0.742   1.494  69.481  0
0759  0.336   1.014   0.933  39.487  73.366  1
0760  1.328   5.614   0.534   1.647  73.444  0
0761  0.410   3.446   1.695   0.485  65.781  0
0762  0.654   3.371   0.757  31.525  72.734  0
0763  1.574   3.541   0.246  31.080  78.026  0
0764  2.891   4.350   0.325   9.243  78.308  1
0765  1.045   4.775   0.354  14.712  60.463  1
0766  0.625   9.700   0.224  18.112  77.352  0
0767  0.780   1.380   0.716  12.961  69.988  0
0768  0.634   1.568   2.427  30.120  59.894  0
0769  1.089   5.605   1.957   8.621  49.880  1
0770  1.471   1.151   1.587   8.747  73.309  0
0771  1.882   1.530   0.550  38.473  75.277  0
0772  1.491   1.654   1.969  28.498  58.931  0
0773  2.030   4.476   0.549   4.713  58.847  0
0774  0.914   6.454   0.116  24.992  71.343  0
0775  0.411   6.500   0.157   8.674  49.063  0
0776  0.359   1.077   0.769   7.418  75.239  0
0777  0.349   5.138   2.766   5.303  63.581  0
0778  1.852   1.260   0.501   7.444  60.384  0
0779  0.378   8.019   0.246  10.377  50.009  0
0780  0.513   3.000   0.397  37.911  57.920  0
0781  0.470   9.089   0.405  33.255  56.349  0
0782  1.270   2.813   0.166  36.073  67.518  0
0783  2.632   2.944   1.057  15.152  59.615  0
0784  3.063   9.227   0.234  17.790  79.068  1
0785  2.772   3.937   0.417  12.519  65.519  0
0786  1.665   4.873   1.885   5.531  77.071  0
0787  1.240   1.634   1.913   3.174  75.733  0
0788  0.531   1.860   0.461  17.630  42.236  0
0789  0.347   2.579   0.660  34.244  77.122  0
0790  0.645   2.445   0.373  20.247  59.942  0
0791  1.519   8.797   0.428  14.265  47.581  0
0792  2.046   1.286   2.083  36.678  69.659  0
0793  1.952   3.845   0.551  31.425  77.552  0
0794  0.959   5.442   0.433  39.125  74.011  1
0795  0.328   8.589   0.804  36.765  61.114  0
0796  3.149   2.561   0.686  20.430  73.882  1
0797  0.419   4.765   0.405  28.225  79.562  0
0798  0.849   9.622   1.071  35.682  69.020  1
0799  1.630   2.605   0.126  24.050  70.449  0
0800  0.544   1.701   0.136   7.193  77.529  0
0801  0.375   2.883   0.518  28.028  66.907  0
0802  0.411   5.503   2.068  22.670  63.176  0
0803  1.647   1.191   0.317   1.705  68.273  0
0804  1.026   5.759   0.170  25.315  76.960  0
0805  0.429   1.194   1.291  32.381  71.426  0
0806  2.321   5.513   1.063   1.879  53.659  0
0807  3.038   5.004   0.248  34.419  73.351  1
0808  0.487   1.598   1.073   3.367  54.516  0
0809  0.966   3.252   0.669  12.580  52.045  0
0810  1.752   7.595   0.840  11.157  74.568  0
0811  0.462   2.261   0.145  28.760  65.822  1
0812  0.407   7.562   2.860  29.942  68.292  0
0813  1.087   5.556   0.305   3.083  58.979  0
0814  1.358   4.474   1.116   9.900  75.201  0
0815  0.479   3.333   0.368  17.271  76.971  0
0816  0.410   5.436   2.345  29.541  63.356  0
0817  2.338   1.422   0.949  19.503  61.676  0
0818  1.352   3.532   0.159  35.684  72.766  0
0819  0.381   7.026   0.141  11.141  76.910  0
0820  1.043   2.219   0.679  16.322  79.446  0
0821  1.796   3.938   0.974   5.168  61.715  0
0822  0.332   3.574   0.463  35.957  71.523  0
0823  0.325   2.999   0.151  11.819  76.432  0
0824  1.222   4.981   0.817  35.269  70.964  0
0825  0.878   3.777   2.569  13.716  39.979  1
0826  1.150   2.702   0.322  36.141  72.290  0
0827  0.671   6.575   2.988   6.644  65.646  0
0828  0.443   1.065   1.287  34.681  79.756  0
0829  0.391   1.021   0.325   3.454  55.952  0
0830  1.472   1.010   0.166  34.708  78.461  1
0831  0.878   2.736   0.106   2.572  75.864  0
0832  0.329   1.728   2.944  25.278  78.004  0
0833  1.740   3.454   0.769   6.924  54.548  0
0834  0.852   6.057   0.253   2.252  70.563  0
0835  2.699   6.712   0.394   1.609  76.448  1
0836  0.916   1.600   1.954   1.275  71.855  0
0837  3.077   6.545   0.229  22.445  65.824  0
0838  2.306   1.267   0.106  35.193  67.264  0
0839  1.776   1.057   0.125   5.736  50.634  0
0840  0.625   1.477   2.159  19.966  67.460  0
0841  2.412   2.852   2.032  19.916  48.394  1
0842  1.844   1.943   0.585   0.179  51.271  0
0843  0.765   9.676   0.423  34.683  53.211  0
0844  3.057   8.639   1.845  10.017  72.118  0
0845  1.728   8.256   0.514  37.793  79.151  0
0846  0.730   2.926   0.847   9.418  70.726  1
0847  0.338   1.782   0.186  15.106  69.614  0
0848  0.529   8.099   1.650   1.185  76.995  0
0849  0.623   3.564   1.976  29.881  70.431  0
0850  0.489   7.682   0.533  17.096  67.697  0
0851  0.895   1.301   2.134  31.821  76.811  0
0852  1.784   3.216   0.264   7.238  44.679  0
0853  2.505   8.542   2.044   0.148  71.554  0
0854  1.452   3.156   0.341  13.882  65.698  0
0855  1.040   4.376   0.134  25.260  77.059  0
0856  0.706   1.932   2.947  26.691  66.038  0
0857  0.690   3.761   0.191  11.364  72.112  0
0858  1.291   7.470   0.298  39.693  72.238  0
0859  0.912   1.527   0.278  17.185  76.486  0
0860  1.069   2.388   0.100  15.496  61.651  0
0861  0.396   4.769   0.267  32.985  75.881  0
0862  0.365   7.965   0.815  12.339  68.488  0
0863  0.922   6.285   0.159   4.028  69.687  0
0864  1.246   1.087   0.357  34.322  79.427  0
0865  0.737   3.717   0.290  14.831  72.380  0
0866  0.772   1.761   0.420   6.938  61.874  1
0867  0.614   2.111   1.318  20.608  65.858  0
0868  0.324   1.180   0.189  28.975  68.880  0
0869  1.036   1.093   3.147  38.799  73.075  1
0870  1.352   5.204   0.211  21.740  47.644  0
0871  1.589   9.884   1.740  24.593  63.187  1
0872  0.512   1.439   0.576   0.142  48.801  0
0873  3.108   5.512   1.540   4.372  73.525  1
0874  0.364   9.339   0.127  10.444  77.976  0
0875  0.452   2.753   0.106  21.368  69.980  0
0876  0.575   6.677   0.472  14.007  57.863  0
0877  0.533   3.420   0.776  30.405  74.943  0
0878  2.221   6.458   1.085  32.134  71.788  0
0879  2.139   3.077   0.867  35.420  75.219  0
0880  1.110   8.312   0.607  15.435  74.360  0
0881  2.567   2.226   0.670  18.395  71.609  0
0882  1.380   6.295   2.585  32.199  71.779  0
0883  0.694   9.204   0.393  17.426  72.417  0
0884  2.073   1.249   2.652  28.263  52.520  0
0885  0.424   6.365   1.813   1.003  66.193  0
0886  0.481   4.404   0.872   9.842  66.755  0
0887  0.397   4.245   0.281  39.240  78.721  0
0888  1.266   2.586   0.161   4.087  48.865  0
0889  0.441   1.874   0.147   9.075  41.419  1
0890  0.749   1.536   1.409   2.541  61.459  0
0891  0.436   2.394   0.249  36.903  50.661  0
0892  0.605   1.449   0.562  35.225  64.953  0
0893  0.828   3.260   0.242  35.590  67.860  1
0894  3.082   7.537   0.104  27.492  67.251  1
0895  0.789   3.282   0.412  23.324  72.752  0
0896  0.966   1.536   0.179  23.840  78.728  1
0897  1.460   1.269   1.409  22.517  53.545  0
0898  0.694   4.831   0.335  19.997  77.067  0
0899  0.544   4.603   0.150   7.073  65.769  0
0900  1.812   2.108   1.554  21.096  73.357  0
0901  0.349   8.295   0.124   4.615  55.773  1
0902  1.295   2.149   1.163   4.004  73.140  0
0903  0.642   6.505   0.360  26.027  79.522  0
0904  0.475   8.551   0.298   0.494  61.884  0
0905  0.891   2.076   2.639  31.651  66.563  0
0906  0.352   2.330   1.078  15.130  57.373  0
0907  0.916   4.142   0.120  33.150  79.783  0
0908  0.399   2.636   0.187  37.061  65.568  0
0909  0.322   4.417   2.924  36.339  76.786  0
0910  2.193   2.465   0.453   3.216  63.008  0
0911  0.383   1.026   1.464  26.796  63.622  0
0912  3.099   9.581   0.261  25.883  63.585  0
0913  0.324   2.969   0.162  30.405  77.592  1
0914  0.320   4.664   0.559  14.997  63.855  0
0915  0.500   9.645   0.271   4.713  66.304  0
0916  1.197   1.143   1.510   1.092  65.716  0
0917  0.554   4.568   0.336  17.559  75.233  1
0918  3.105   1.673   1.198  31.150  70.560  1
0919  0.431   6.986   0.393  15.968  70.893  0
0920  2.449   1.226   1.810  22.630  60.281  0
0921  1.178   4.554   0.208  25.757  70.809  0
0922  0.753   1.569   0.485   5.368  63.120  1
0923  1.227   3.195   0.393  10.500  66.597  0
0924  0.919   3.152   0.821   7.343  78.661  0
0925  1.904   3.959   0.157   6.280  78.581  0
0926  0.553   3.568   0.179  18.881  59.150  0
0927  0.887   3.540   0.227  10.920  79.390  1
0928  1.805   1.482   0.144  18.960  67.108  0
0929  1.889   1.311   0.117  26.561  74.953  1
0930  0.432   1.365   0.100   2.223  60.961  0
0931  1.436   4.888   1.956  33.142  65.005  0
0932  1.192   5.032   0.104  14.228  68.547  0
0933  0.826   5.505   0.316  21.774  48.468  0
0934  1.193   1.394   0.154  17.157  76.816  0
0935  0.535   1.183   0.269  11.699  77.554  0
0936  1.465   4.275   0.309   9.216  37.956  0
0937  0.349   1.472   0.166  16.102  79.521  0
0938  1.605   7.280   2.652   6.662  62.752  0
0939  2.500   7.959   0.156  11.354  66.805  1
0940  2.899   2.901   0.546  32.243  58.190  0
0941  0.447   4.477   0.128  29.534  76.654  0
0942  0.322   2.633   0.363  36.235  74.253  0
0943  0.364   2.945   0.142  13.786  61.850  0
0944  1.805   1.147   2.138  34.174  52.897  0
0945  0.688   1.433   0.192   7.401  34.231  0
0946  2.544   1.893   1.024  30.724  77.763  1
0947  0.504   2.831   2.495  28.491  48.611  0
0948  1.390   6.494   0.159  29.656  72.228  0
0949  0.417   1.726   1.648  12.865  79.835  0
0950  2.885   5.349   0.173  18.574  74.559  1
0951  0.881   8.308   1.098   8.996  55.614  0
0952  0.929   7.158   0.662  22.166  60.999  0
0953  1.980   6.557   0.120   1.848  79.871  1
0954  0.362   2.299   1.974  19.361  59.021  0
0955  1.114   9.334   0.888  39.361  71.374  0
0956  0.588   8.456   0.565  32.620  60.609  0
0957  0.802   1.124   1.646   2.415  12.834  0
0958  0.388   2.109   0.185  20.842  56.815  0
0959  0.532   3.337   0.531  19.736  78.427  0
0960  0.388   1.424   2.103   5.450  62.320  0
0961  0.502   1.252   0.449   5.782  39.192  0
0962  0.647   5.250   1.530  19.925  47.014  0
0963  0.482   1.383   0.764  30.865  71.046  0
0964  0.353   1.311   0.756   0.715  25.144  0
0965  0.476   1.839   0.112  21.089  55.088  0
0966  0.971   2.248   0.719  27.838  52.237  0
0967  2.513   1.830   0.240  16.128  39.559  1
0968  0.744   7.748   0.188  32.319  76.911  0
0969  1.250   7.386   0.197   8.459  73.510  0
0970  0.957   2.804   2.005  11.708  68.443  0
0971  0.380   4.279   0.131  24.157  66.228  0
0972  0.318   1.428   2.878   9.367  37.534  0
0973  1.440   1.140   2.257   8.346  47.758  0
0974  3.058   1.379   0.995   4.954  57.545  0
0975  2.691   7.003   0.206  38.797  79.926  0
0976  2.535   6.912   0.145  34.238  63.025  0
0977  0.505   5.580   0.666   1.053  74.361  0
0978  1.137   6.819   2.359   3.364  74.147  1
0979  1.094   2.400   0.216  25.675  66.417  0
0980  0.506   2.038   0.136  12.119  52.772  0
0981  0.416   7.171   0.126  16.857  57.163  0
0982  0.455   8.928   0.348  24.351  79.737  0
0983  1.031   4.695   0.477  30.580  79.095  0
0984  0.482   2.695   1.695  36.278  73.057  0
0985  1.281   2.570   2.880  12.965  45.021  1
0986  1.655   8.354   0.328  28.204  78.231  1
0987  1.019   8.364   0.343  35.394  64.788  1
0988  0.335   3.104   0.200  28.660  62.896  0
0989  0.599   1.019   0.104   7.078  63.056  0
0990  0.781   2.353   1.620  21.498  52.007  0
0991  1.117   7.402   0.450  36.869  75.021  1
0992  0.403   1.378   0.540  27.295  68.890  0
0993  1.381   4.294   0.795  24.531  70.613  0
0994  0.992   1.266   0.427  36.607  72.400  0
0995  2.148   3.740   1.454  14.618  79.673  0
0996  2.218   1.009   0.848  16.455  49.053  0
0997  2.743   8.026   0.308  18.494  68.457  0
0998  0.559   6.748   0.108  26.475  68.712  1
0999  2.232   2.084   0.356  10.488  73.853  0
